migration_scenario,year,year_month,FIPS,area_name,age_in_yrs_num,age_in_yrs_char,total,total_male,total_female,nh_white_total,nh_white_male,nh_white_female,nh_black_total,nh_black_male,nh_black_female,hispanic_total,hispanic_male,hispanic_female,nh_asian_total,nh_asian_male,nh_asian_female,nh_other_total,nh_other_male,nh_other_female
Mid,2020,202004,000,State of Texas,-1,All Ages,29145505,14394682,14750823,11584597,5751313,5833284,3444712,1654486,1790226,11441717,5692142,5749575,1561518,757096,804422,1112961,539645,573316
Mid,2020,202004,000,State of Texas,0,< 1 yr,340562,173553,167009,99694,50985,48709,40977,20726,20251,163220,83044,80176,16360,8444,7916,20311,10354,9957
Mid,2020,202004,000,State of Texas,1,1 yr,347006,176404,170602,103308,52866,50442,42281,21327,20954,165136,83708,81428,16634,8506,8128,19647,9997,9650
Mid,2020,202004,000,State of Texas,2,2 yrs,361190,183499,177691,106386,54360,52026,44274,22536,21738,172041,87138,84903,17987,9048,8939,20502,10417,10085
Mid,2020,202004,000,State of Texas,3,3 yrs,377394,192237,185157,112133,57341,54792,45302,23102,22200,179877,91208,88669,19257,9842,9415,20825,10744,10081
Mid,2020,202004,000,State of Texas,4,4 yrs,393108,199902,193206,117552,60108,57444,46963,23618,23345,187563,95302,92261,19723,10075,9648,21307,10799,10508
Mid,2020,202004,000,State of Texas,5,5 yrs,402192,205244,196948,118825,61057,57768,48135,24410,23725,192830,98229,94601,20706,10615,10091,21696,10933,10763
Mid,2020,202004,000,State of Texas,6,6 yrs,399359,203689,195670,118939,61063,57876,47624,24348,23276,191636,97310,94326,20276,10365,9911,20884,10603,10281
Mid,2020,202004,000,State of Texas,7,7 yrs,399595,203262,196333,119030,60608,58422,47321,23998,23323,191043,97035,94008,21341,11186,10155,20860,10435,10425
Mid,2020,202004,000,State of Texas,8,8 yrs,400451,204119,196332,118342,60241,58101,47733,24357,23376,193200,98584,94616,20652,10506,10146,20524,10431,10093
Mid,2020,202004,000,State of Texas,9,9 yrs,405159,207112,198047,120184,61750,58434,48441,24751,23690,195763,99972,95791,20399,10281,10118,20372,10358,10014
Mid,2020,202004,000,State of Texas,10,10 yrs,428107,218326,209781,124233,63888,60345,51285,25887,25398,210366,107063,103303,20697,10465,10232,21526,11023,10503
Mid,2020,202004,000,State of Texas,11,11 yrs,428405,219027,209378,124498,63938,60560,51308,26260,25048,211080,107656,103424,20445,10459,9986,21074,10714,10360
Mid,2020,202004,000,State of Texas,12,12 yrs,440978,224904,216074,127370,65229,62141,52531,26797,25734,218418,111248,107170,21172,10769,10403,21487,10861,10626
Mid,2020,202004,000,State of Texas,13,13 yrs,437175,222950,214225,127281,65295,61986,52565,26900,25665,216159,109709,106450,20027,10207,9820,21143,10839,10304
Mid,2020,202004,000,State of Texas,14,14 yrs,429074,219456,209618,125986,64906,61080,50830,25839,24991,211753,108196,103557,19939,10064,9875,20566,10451,10115
Mid,2020,202004,000,State of Texas,15,15 yrs,433566,222284,211282,127379,65581,61798,51186,26188,24998,214259,110022,104237,20331,10262,10069,20411,10231,10180
Mid,2020,202004,000,State of Texas,16,16 yrs,430730,220370,210360,128335,65861,62474,50678,25979,24699,211455,108107,103348,20135,10249,9886,20127,10174,9953
Mid,2020,202004,000,State of Texas,17,17 yrs,424754,217212,207542,127129,65350,61779,50021,25648,24373,208599,106548,102051,19859,9974,9885,19146,9692,9454
Mid,2020,202004,000,State of Texas,18,18 yrs,430548,220231,210317,128460,66047,62413,54273,27399,26874,207215,106481,100734,21460,10756,10704,19140,9548,9592
Mid,2020,202004,000,State of Texas,19,19 yrs,436500,220893,215607,134777,68476,66301,54367,27108,27259,205158,104200,100958,23257,11710,11547,18941,9399,9542
Mid,2020,202004,000,State of Texas,20,20 yrs,434553,221601,212952,138731,70970,67761,54456,27136,27320,201218,102982,98236,22336,11384,10952,17812,9129,8683
Mid,2020,202004,000,State of Texas,21,21 yrs,414516,211290,203226,134223,68563,65660,51338,25720,25618,190841,97541,93300,21406,11077,10329,16708,8389,8319
Mid,2020,202004,000,State of Texas,22,22 yrs,403114,205998,197116,131208,67120,64088,50019,25063,24956,183765,94283,89482,21861,11408,10453,16261,8124,8137
Mid,2020,202004,000,State of Texas,23,23 yrs,397411,202903,194508,132081,67548,64533,48844,24278,24566,179123,92126,86997,21963,11275,10688,15400,7676,7724
Mid,2020,202004,000,State of Texas,24,24 yrs,398590,202376,196214,133872,68101,65771,48942,24285,24657,177535,90598,86937,22253,11501,10752,15988,7891,8097
Mid,2020,202004,000,State of Texas,25,25 yrs,415033,211276,203757,140484,71877,68607,52047,25557,26490,184235,94369,89866,22660,11677,10983,15607,7796,7811
Mid,2020,202004,000,State of Texas,26,26 yrs,400679,201971,198708,136969,69703,67266,50680,24835,25845,174969,88465,86504,22712,11521,11191,15349,7447,7902
Mid,2020,202004,000,State of Texas,27,27 yrs,406049,204516,201533,139637,71102,68535,51993,25234,26759,175106,88581,86525,23991,12110,11881,15322,7489,7833
Mid,2020,202004,000,State of Texas,28,28 yrs,415386,208829,206557,146284,74495,71789,53141,25641,27500,176114,89117,86997,24606,12087,12519,15241,7489,7752
Mid,2020,202004,000,State of Texas,29,29 yrs,413519,207155,206364,148738,75589,73149,52876,25379,27497,171235,86520,84715,25066,12131,12935,15604,7536,8068
Mid,2020,202004,000,State of Texas,30,30 yrs,447775,225247,222528,161133,82022,79111,57613,27655,29958,185451,94522,90929,27323,13185,14138,16255,7863,8392
Mid,2020,202004,000,State of Texas,31,31 yrs,401424,199577,201847,148581,75430,73151,51176,24396,26780,159978,79977,80001,26438,12451,13987,15251,7323,7928
Mid,2020,202004,000,State of Texas,32,32 yrs,409668,204252,205416,151794,76926,74868,51580,24344,27236,164815,83347,81468,26505,12433,14072,14974,7202,7772
Mid,2020,202004,000,State of Texas,33,33 yrs,404840,201262,203578,151511,76558,74953,50313,24061,26252,161967,81222,80745,26070,12346,13724,14979,7075,7904
Mid,2020,202004,000,State of Texas,34,34 yrs,408266,202813,205453,154244,77980,76264,50978,24099,26879,161353,80975,80378,27139,12758,14381,14552,7001,7551
Mid,2020,202004,000,State of Texas,35,35 yrs,434646,217422,217224,162991,83018,79973,53927,25841,28086,173983,87841,86142,28767,13620,15147,14978,7102,7876
Mid,2020,202004,000,State of Texas,36,36 yrs,400933,198576,202357,151110,76477,74633,49680,23423,26257,157935,78855,79080,27854,13038,14816,14354,6783,7571
Mid,2020,202004,000,State of Texas,37,37 yrs,406134,201172,204962,153345,77867,75478,50532,23993,26539,159897,79276,80621,27732,13050,14682,14628,6986,7642
Mid,2020,202004,000,State of Texas,38,38 yrs,404967,200283,204684,152315,77158,75157,49586,23421,26165,161563,80340,81223,27288,12710,14578,14215,6654,7561
Mid,2020,202004,000,State of Texas,39,39 yrs,400169,197380,202789,150503,76363,74140,50263,23589,26674,158260,78136,80124,26559,12417,14142,14584,6875,7709
Mid,2020,202004,000,State of Texas,40,40 yrs,427564,212797,214767,157175,79752,77423,54054,25694,28360,174208,87599,86609,27710,12901,14809,14417,6851,7566
Mid,2020,202004,000,State of Texas,41,41 yrs,370334,182637,187697,138858,70498,68360,47084,22264,24820,145726,71733,73993,25201,11779,13422,13465,6363,7102
Mid,2020,202004,000,State of Texas,42,42 yrs,372697,182875,189822,139381,70220,69161,45613,21612,24001,150172,73448,76724,24298,11457,12841,13233,6138,7095
Mid,2020,202004,000,State of Texas,43,43 yrs,364512,179325,185187,135336,68337,66999,44401,21198,23203,147390,72094,75296,24537,11593,12944,12848,6103,6745
Mid,2020,202004,000,State of Texas,44,44 yrs,359207,176761,182446,133103,67624,65479,43503,20441,23062,145039,70907,74132,25233,12043,13190,12329,5746,6583
Mid,2020,202004,000,State of Texas,45,45 yrs,382577,190130,192447,142138,72102,70036,45373,21996,23377,156014,77308,78706,26323,12715,13608,12729,6009,6720
Mid,2020,202004,000,State of Texas,46,46 yrs,351682,172933,178749,132838,67131,65707,42981,20515,22466,139757,68000,71757,24531,11796,12735,11575,5491,6084
Mid,2020,202004,000,State of Texas,47,47 yrs,358030,175850,182180,137167,69289,67878,44369,21096,23273,139422,67800,71622,24768,11893,12875,12304,5772,6532
Mid,2020,202004,000,State of Texas,48,48 yrs,369144,181221,187923,148121,74804,73317,44847,21343,23504,139406,67447,71959,24440,11716,12724,12330,5911,6419
Mid,2020,202004,000,State of Texas,49,49 yrs,379548,186567,192981,159536,80498,79038,46654,22232,24422,136903,66303,70600,23576,11425,12151,12879,6109,6770
Mid,2020,202004,000,State of Texas,50,50 yrs,390276,193424,196852,163808,82754,81054,46694,22274,24420,143416,70871,72545,23693,11448,12245,12665,6077,6588
Mid,2020,202004,000,State of Texas,51,51 yrs,345565,170106,175459,148044,74452,73592,41169,19610,21559,123744,60448,63296,21197,10205,10992,11411,5391,6020
Mid,2020,202004,000,State of Texas,52,52 yrs,337241,166239,171002,143282,72289,70993,41094,19746,21348,122510,59705,62805,19440,9414,10026,10915,5085,5830
Mid,2020,202004,000,State of Texas,53,53 yrs,331445,163169,168276,143746,72054,71692,40998,19431,21567,117969,58016,59953,17909,8663,9246,10823,5005,5818
Mid,2020,202004,000,State of Texas,54,54 yrs,336787,166136,170651,147238,73740,73498,42158,20007,22151,118355,58475,59880,18151,8860,9291,10885,5054,5831
Mid,2020,202004,000,State of Texas,55,55 yrs,361534,178243,183291,165294,82683,82611,44516,20998,23518,121952,60276,61676,18165,8838,9327,11607,5448,6159
Mid,2020,202004,000,State of Texas,56,56 yrs,351784,172548,179236,167460,83289,84171,42252,19738,22514,112588,55484,57104,17693,8544,9149,11791,5493,6298
Mid,2020,202004,000,State of Texas,57,57 yrs,350853,171638,179215,171201,85112,86089,42045,19691,22354,108863,53193,55670,16836,8087,8749,11908,5555,6353
Mid,2020,202004,000,State of Texas,58,58 yrs,347203,169900,177303,173894,86267,87627,41257,19382,21875,105130,51569,53561,15221,7308,7913,11701,5374,6327
Mid,2020,202004,000,State of Texas,59,59 yrs,346100,168713,177387,175569,87119,88450,41613,19448,22165,102268,49789,52479,15289,7201,8088,11361,5156,6205
Mid,2020,202004,000,State of Texas,60,60 yrs,354126,173038,181088,181825,90177,91648,41786,19569,22217,103874,50818,53056,15523,7213,8310,11118,5261,5857
Mid,2020,202004,000,State of Texas,61,61 yrs,327194,159022,168172,171898,85129,86769,38867,18148,20719,91618,44408,47210,14269,6472,7797,10542,4865,5677
Mid,2020,202004,000,State of Texas,62,62 yrs,327297,158282,169015,174470,85939,88531,38055,17698,20357,90328,43367,46961,13967,6358,7609,10477,4920,5557
Mid,2020,202004,000,State of Texas,63,63 yrs,314477,150545,163932,168734,82193,86541,36381,16727,19654,85576,40891,44685,13697,6162,7535,10089,4572,5517
Mid,2020,202004,000,State of Texas,64,64 yrs,303668,145616,158052,164433,80140,84293,34822,16132,18690,81618,38943,42675,13382,6062,7320,9413,4339,5074
Mid,2020,202004,000,State of Texas,65,65 yrs,304916,145876,159040,167462,81631,85831,34352,15661,18691,80577,38313,42264,13328,6029,7299,9197,4242,4955
Mid,2020,202004,000,State of Texas,66,66 yrs,278038,131209,146829,156337,75062,81275,30143,13604,16539,71239,33356,37883,12019,5452,6567,8300,3735,4565
Mid,2020,202004,000,State of Texas,67,67 yrs,269897,127513,142384,153123,73834,79289,28752,12913,15839,68115,31850,36265,12113,5416,6697,7794,3500,4294
Mid,2020,202004,000,State of Texas,68,68 yrs,254451,119897,134554,146780,70640,76140,26624,11669,14955,63224,29515,33709,10717,4713,6004,7106,3360,3746
Mid,2020,202004,000,State of Texas,69,69 yrs,240173,112091,128082,136461,65143,71318,25651,11048,14603,60656,28192,32464,10847,4712,6135,6558,2996,3562
Mid,2020,202004,000,State of Texas,70,70 yrs,239585,111547,128038,138432,66047,72385,24204,10516,13688,59421,27373,32048,11096,4848,6248,6432,2763,3669
Mid,2020,202004,000,State of Texas,71,71 yrs,220782,102557,118225,131260,62254,69006,21683,9413,12270,52551,24068,28483,9400,4188,5212,5888,2634,3254
Mid,2020,202004,000,State of Texas,72,72 yrs,221399,103397,118002,136039,64872,71167,20031,8696,11335,50661,23296,27365,8811,3844,4967,5857,2689,3168
Mid,2020,202004,000,State of Texas,73,73 yrs,211483,98167,113316,133721,63556,70165,17738,7647,10091,46664,21064,25600,7923,3520,4403,5437,2380,3057
Mid,2020,202004,000,State of Texas,74,74 yrs,161665,74527,87138,96385,45740,50645,14445,6033,8412,39991,17874,22117,6834,3107,3727,4010,1773,2237
Mid,2020,202004,000,State of Texas,75,75 yrs,160626,73296,87330,98414,45874,52540,13737,5663,8074,37940,16946,20994,6595,3060,3535,3940,1753,2187
Mid,2020,202004,000,State of Texas,76,76 yrs,152181,68723,83458,96535,44778,51757,12412,5067,7345,33930,14766,19164,5561,2525,3036,3743,1587,2156
Mid,2020,202004,000,State of Texas,77,77 yrs,141396,63869,77527,91234,42155,49079,11506,4799,6707,30036,12954,17082,5204,2435,2769,3416,1526,1890
Mid,2020,202004,000,State of Texas,78,78 yrs,124476,55686,68790,79424,36466,42958,10079,4105,5974,27402,11720,15682,4700,2159,2541,2871,1236,1635
Mid,2020,202004,000,State of Texas,79,79 yrs,113070,49904,63166,72040,32616,39424,9201,3602,5599,25147,10679,14468,4134,1871,2263,2548,1136,1412
Mid,2020,202004,000,State of Texas,80,80 yrs,104300,45314,58986,65740,29181,36559,8453,3225,5228,23956,10224,13732,3980,1806,2174,2171,878,1293
Mid,2020,202004,000,State of Texas,81,81 yrs,92719,39916,52803,59613,26339,33274,7153,2790,4363,20539,8499,12040,3360,1508,1852,2054,780,1274
Mid,2020,202004,000,State of Texas,82,82 yrs,85922,36565,49357,55289,24102,31187,6558,2490,4068,19268,7850,11418,2985,1354,1631,1822,769,1053
Mid,2020,202004,000,State of Texas,83,83 yrs,76294,31955,44339,48740,21044,27696,5930,2196,3734,17481,6903,10578,2521,1140,1381,1622,672,950
Mid,2020,202004,000,State of Texas,84,84 yrs,70217,28748,41469,45552,19219,26333,5318,1926,3392,15649,6078,9571,2282,970,1312,1416,555,861
Mid,2020,202004,000,State of Texas,85,85 yrs,64820,26234,38586,41993,17371,24622,4949,1718,3231,14664,5743,8921,1917,873,1044,1297,529,768
Mid,2020,202004,000,State of Texas,86,86 yrs,54558,21693,32865,35459,14397,21062,4176,1432,2744,12322,4808,7514,1598,672,926,1003,384,619
Mid,2020,202004,000,State of Texas,87,87 yrs,48746,19024,29722,32139,12849,19290,3793,1291,2502,10427,3953,6474,1439,576,863,948,355,593
Mid,2020,202004,000,State of Texas,88,88 yrs,43100,16617,26483,28562,11201,17361,3039,986,2053,9395,3596,5799,1178,476,702,926,358,568
Mid,2020,202004,000,State of Texas,89,89 yrs,38126,14294,23832,25256,9734,15522,2722,859,1863,8416,3045,5371,1022,390,632,710,266,444
Mid,2020,202004,000,State of Texas,90,90 yrs,32996,11818,21178,21804,7940,13864,2482,722,1760,7305,2633,4672,865,342,523,540,181,359
Mid,2020,202004,000,State of Texas,91,91 yrs,26322,9246,17076,17550,6275,11275,1978,581,1397,5692,1977,3715,643,248,395,459,165,294
Mid,2020,202004,000,State of Texas,92,92 yrs,21745,7161,14584,14654,4887,9767,1511,420,1091,4720,1538,3182,534,197,337,326,119,207
Mid,2020,202004,000,State of Texas,93,93 yrs,17808,5686,12122,12037,3835,8202,1324,354,970,3706,1248,2458,441,144,297,300,105,195
Mid,2020,202004,000,State of Texas,94,94 yrs,13805,4099,9706,9148,2717,6431,1087,262,825,2951,931,2020,359,102,257,260,87,173
Mid,2020,202004,000,State of Texas,95,95+ yrs,35519,9765,25754,23270,6145,17125,3016,680,2336,7712,2425,5287,877,304,573,644,211,433
Mid,2020,202007,000,State of Texas,-1,All Ages,29239570,14441123,14798447,11621991,5769877,5852114,3455822,1659822,1796000,11478653,5710511,5768142,1566553,759532,807021,1116551,541381,575170
Mid,2020,202007,000,State of Texas,0,< 1 yr,341661,174113,167548,100016,51150,48866,41109,20793,20316,163747,83312,80435,16413,8471,7942,20376,10387,9989
Mid,2020,202007,000,State of Texas,1,1 yr,348126,176973,171153,103641,53036,50605,42418,21396,21022,165669,83978,81691,16687,8533,8154,19711,10030,9681
Mid,2020,202007,000,State of Texas,2,2 yrs,362356,184092,178264,106730,54536,52194,44417,22609,21808,172596,87419,85177,18045,9077,8968,20568,10451,10117
Mid,2020,202007,000,State of Texas,3,3 yrs,378612,192855,185757,112495,57526,54969,45448,23176,22272,180458,91502,88956,19319,9873,9446,20892,10778,10114
Mid,2020,202007,000,State of Texas,4,4 yrs,394377,200547,193830,117932,60302,57630,47114,23694,23420,188169,95610,92559,19786,10107,9679,21376,10834,10542
Mid,2020,202007,000,State of Texas,5,5 yrs,403490,205905,197585,119209,61254,57955,48290,24488,23802,193452,98546,94906,20773,10649,10124,21766,10968,10798
Mid,2020,202007,000,State of Texas,6,6 yrs,400647,204345,196302,119322,61260,58062,47777,24426,23351,192255,97624,94631,20341,10398,9943,20952,10637,10315
Mid,2020,202007,000,State of Texas,7,7 yrs,400885,203918,196967,119414,60804,58610,47474,24076,23398,191660,97348,94312,21410,11222,10188,20927,10468,10459
Mid,2020,202007,000,State of Texas,8,8 yrs,401744,204778,196966,118724,60435,58289,47887,24436,23451,193824,98902,94922,20718,10540,10178,20591,10465,10126
Mid,2020,202007,000,State of Texas,9,9 yrs,406466,207780,198686,120572,61950,58622,48597,24830,23767,196395,100295,96100,20465,10314,10151,20437,10391,10046
Mid,2020,202007,000,State of Texas,10,10 yrs,429489,219030,210459,124634,64094,60540,51451,25971,25480,211045,107408,103637,20763,10498,10265,21596,11059,10537
Mid,2020,202007,000,State of Texas,11,11 yrs,429788,219733,210055,124900,64144,60756,51473,26345,25128,211762,108004,103758,20511,10492,10019,21142,10748,10394
Mid,2020,202007,000,State of Texas,12,12 yrs,442401,225629,216772,127781,65439,62342,52700,26883,25817,219123,111607,107516,21240,10804,10436,21557,10896,10661
Mid,2020,202007,000,State of Texas,13,13 yrs,438586,223670,214916,127692,65506,62186,52734,26987,25747,216857,110063,106794,20092,10240,9852,21211,10874,10337
Mid,2020,202007,000,State of Texas,14,14 yrs,430458,220163,210295,126392,65115,61277,50994,25922,25072,212436,108545,103891,20004,10097,9907,20632,10484,10148
Mid,2020,202007,000,State of Texas,15,15 yrs,434966,223001,211965,127790,65792,61998,51352,26273,25079,214950,110377,104573,20397,10295,10102,20477,10264,10213
Mid,2020,202007,000,State of Texas,16,16 yrs,432120,221081,211039,128749,66073,62676,50841,26063,24778,212138,108456,103682,20200,10282,9918,20192,10207,9985
Mid,2020,202007,000,State of Texas,17,17 yrs,426125,217912,208213,127539,65560,61979,50182,25731,24451,209273,106892,102381,19923,10006,9917,19208,9723,9485
Mid,2020,202007,000,State of Texas,18,18 yrs,431937,220941,210996,128874,66260,62614,54448,27487,26961,207884,106825,101059,21529,10790,10739,19202,9579,9623
Mid,2020,202007,000,State of Texas,19,19 yrs,437909,221606,216303,135212,68697,66515,54543,27196,27347,205820,104536,101284,23332,11748,11584,19002,9429,9573
Mid,2020,202007,000,State of Texas,20,20 yrs,435956,222317,213639,139179,71199,67980,54632,27224,27408,201867,103314,98553,22408,11421,10987,17870,9159,8711
Mid,2020,202007,000,State of Texas,21,21 yrs,415853,211973,203880,134656,68785,65871,51503,25803,25700,191457,97856,93601,21475,11113,10362,16762,8416,8346
Mid,2020,202007,000,State of Texas,22,22 yrs,404415,206663,197752,131631,67337,64294,50181,25144,25037,184358,94587,89771,21932,11445,10487,16313,8150,8163
Mid,2020,202007,000,State of Texas,23,23 yrs,398694,203559,195135,132507,67766,64741,49002,24357,24645,179701,92423,87278,22034,11312,10722,15450,7701,7749
Mid,2020,202007,000,State of Texas,24,24 yrs,399877,203028,196849,134305,68321,65984,49100,24363,24737,178108,90890,87218,22325,11538,10787,16039,7916,8123
Mid,2020,202007,000,State of Texas,25,25 yrs,416372,211958,204414,140937,72109,68828,52214,25639,26575,184830,94674,90156,22733,11715,11018,15658,7821,7837
Mid,2020,202007,000,State of Texas,26,26 yrs,401972,202622,199350,137411,69928,67483,50844,24915,25929,175533,88750,86783,22786,11558,11228,15398,7471,7927
Mid,2020,202007,000,State of Texas,27,27 yrs,407360,205176,202184,140088,71331,68757,52161,25316,26845,175671,88867,86804,24069,12149,11920,15371,7513,7858
Mid,2020,202007,000,State of Texas,28,28 yrs,416726,209503,207223,146756,74736,72020,53312,25723,27589,176683,89405,87278,24685,12126,12559,15290,7513,7777
Mid,2020,202007,000,State of Texas,29,29 yrs,414854,207824,207030,149218,75833,73385,53047,25461,27586,171788,86799,84989,25146,12170,12976,15655,7561,8094
Mid,2020,202007,000,State of Texas,30,30 yrs,449220,225974,223246,161653,82287,79366,57799,27744,30055,186049,94827,91222,27412,13228,14184,16307,7888,8419
Mid,2020,202007,000,State of Texas,31,31 yrs,402720,200221,202499,149061,75674,73387,51341,24475,26866,160495,80235,80260,26523,12491,14032,15300,7346,7954
Mid,2020,202007,000,State of Texas,32,32 yrs,410990,204910,206080,152284,77174,75110,51746,24422,27324,165347,83616,81731,26591,12473,14118,15022,7225,7797
Mid,2020,202007,000,State of Texas,33,33 yrs,406146,201911,204235,152000,76805,75195,50475,24138,26337,162490,81484,81006,26154,12386,13768,15027,7098,7929
Mid,2020,202007,000,State of Texas,34,34 yrs,409584,203468,206116,154742,78232,76510,51143,24177,26966,161874,81236,80638,27226,12799,14427,14599,7024,7575
Mid,2020,202007,000,State of Texas,35,35 yrs,436049,218124,217925,163517,83286,80231,54101,25924,28177,174545,88125,86420,28859,13664,15195,15027,7125,7902
Mid,2020,202007,000,State of Texas,36,36 yrs,402227,199217,203010,151598,76724,74874,49840,23498,26342,158445,79110,79335,27944,13080,14864,14400,6805,7595
Mid,2020,202007,000,State of Texas,37,37 yrs,407445,201821,205624,153840,78118,75722,50695,24070,26625,160413,79532,80881,27821,13092,14729,14676,7009,7667
Mid,2020,202007,000,State of Texas,38,38 yrs,406274,200929,205345,152807,77407,75400,49746,23496,26250,162084,80599,81485,27376,12751,14625,14261,6676,7585
Mid,2020,202007,000,State of Texas,39,39 yrs,401460,198017,203443,150989,76610,74379,50425,23665,26760,158771,78388,80383,26644,12457,14187,14631,6897,7734
Mid,2020,202007,000,State of Texas,40,40 yrs,428944,213482,215462,157682,80009,77673,54229,25777,28452,174770,87881,86889,27799,12942,14857,14464,6873,7591
Mid,2020,202007,000,State of Texas,41,41 yrs,371529,183226,188303,139306,70726,68580,47236,22336,24900,146196,71964,74232,25283,11817,13466,13508,6383,7125
Mid,2020,202007,000,State of Texas,42,42 yrs,373900,183466,190434,139831,70447,69384,45760,21682,24078,150657,73686,76971,24377,11494,12883,13275,6157,7118
Mid,2020,202007,000,State of Texas,43,43 yrs,365689,179905,185784,135773,68557,67216,44544,21267,23277,147866,72327,75539,24616,11631,12985,12890,6123,6767
Mid,2020,202007,000,State of Texas,44,44 yrs,360366,177333,183033,133533,67843,65690,43643,20507,23136,145507,71136,74371,25314,12082,13232,12369,5765,6604
Mid,2020,202007,000,State of Texas,45,45 yrs,383812,190744,193068,142597,72335,70262,45519,22067,23452,156518,77558,78960,26408,12756,13652,12770,6028,6742
Mid,2020,202007,000,State of Texas,46,46 yrs,352817,173491,179326,133267,67348,65919,43119,20581,22538,140208,68220,71988,24611,11834,12777,11612,5508,6104
Mid,2020,202007,000,State of Texas,47,47 yrs,359185,176417,182768,137610,69513,68097,44512,21164,23348,139872,68019,71853,24848,11931,12917,12343,5790,6553
Mid,2020,202007,000,State of Texas,48,48 yrs,370336,181807,188529,148600,75046,73554,44992,21412,23580,139856,67665,72191,24519,11754,12765,12369,5930,6439
Mid,2020,202007,000,State of Texas,49,49 yrs,380772,187168,193604,160050,80757,79293,46804,22303,24501,137345,66517,70828,23652,11462,12190,12921,6129,6792
Mid,2020,202007,000,State of Texas,50,50 yrs,391536,194048,197488,164337,83021,81316,46845,22346,24499,143879,71100,72779,23770,11485,12285,12705,6096,6609
Mid,2020,202007,000,State of Texas,51,51 yrs,346680,170654,176026,148521,74692,73829,41302,19673,21629,124143,60643,63500,21266,10238,11028,11448,5408,6040
Mid,2020,202007,000,State of Texas,52,52 yrs,338330,166778,171552,143745,72523,71222,41227,19810,21417,122905,59898,63007,19503,9445,10058,10950,5102,5848
Mid,2020,202007,000,State of Texas,53,53 yrs,332514,163694,168820,144209,72286,71923,41130,19493,21637,118350,58203,60147,17967,8691,9276,10858,5021,5837
Mid,2020,202007,000,State of Texas,54,54 yrs,337874,166671,171203,147713,73978,73735,42295,20072,22223,118737,58663,60074,18209,8888,9321,10920,5070,5850
Mid,2020,202007,000,State of Texas,55,55 yrs,362701,178819,183882,165827,82950,82877,44660,21066,23594,122346,60471,61875,18223,8866,9357,11645,5466,6179
Mid,2020,202007,000,State of Texas,56,56 yrs,352920,173106,179814,168001,83558,84443,42389,19802,22587,112951,55663,57288,17750,8572,9178,11829,5511,6318
Mid,2020,202007,000,State of Texas,57,57 yrs,351985,172192,179793,171754,85387,86367,42180,19754,22426,109215,53365,55850,16890,8113,8777,11946,5573,6373
Mid,2020,202007,000,State of Texas,58,58 yrs,348324,170450,177874,174456,86546,87910,41390,19445,21945,105469,51736,53733,15271,7332,7939,11738,5391,6347
Mid,2020,202007,000,State of Texas,59,59 yrs,347217,169257,177960,176136,87400,88736,41747,19510,22237,102598,49950,52648,15338,7224,8114,11398,5173,6225
Mid,2020,202007,000,State of Texas,60,60 yrs,355268,173596,181672,182411,90468,91943,41920,19632,22288,104210,50982,53228,15573,7236,8337,11154,5278,5876
Mid,2020,202007,000,State of Texas,61,61 yrs,328250,159534,168716,172452,85403,87049,38993,18207,20786,91914,44551,47363,14315,6493,7822,10576,4880,5696
Mid,2020,202007,000,State of Texas,62,62 yrs,328354,158793,169561,175033,86216,88817,38178,17756,20422,90620,43507,47113,14012,6378,7634,10511,4936,5575
Mid,2020,202007,000,State of Texas,63,63 yrs,315492,151030,164462,169279,82458,86821,36498,16781,19717,85852,41023,44829,13742,6182,7560,10121,4586,5535
Mid,2020,202007,000,State of Texas,64,64 yrs,304648,146086,158562,164964,80399,84565,34934,16184,18750,81882,39069,42813,13425,6081,7344,9443,4353,5090
Mid,2020,202007,000,State of Texas,65,65 yrs,305900,146345,159555,168003,81895,86108,34463,15711,18752,80837,38436,42401,13371,6048,7323,9226,4255,4971
Mid,2020,202007,000,State of Texas,66,66 yrs,278935,131633,147302,156841,75304,81537,30240,13648,16592,71469,33464,38005,12058,5470,6588,8327,3747,4580
Mid,2020,202007,000,State of Texas,67,67 yrs,270768,127924,142844,153617,74072,79545,28845,12955,15890,68335,31953,36382,12152,5433,6719,7819,3511,4308
Mid,2020,202007,000,State of Texas,68,68 yrs,255273,120286,134987,147254,70868,76386,26710,11707,15003,63428,29611,33817,10752,4729,6023,7129,3371,3758
Mid,2020,202007,000,State of Texas,69,69 yrs,240948,112453,128495,136902,65354,71548,25733,11083,14650,60852,28283,32569,10882,4727,6155,6579,3006,3573
Mid,2020,202007,000,State of Texas,70,70 yrs,240358,111906,128452,138879,66260,72619,24282,10550,13732,59613,27461,32152,11131,4863,6268,6453,2772,3681
Mid,2020,202007,000,State of Texas,71,71 yrs,221495,102887,118608,131684,62455,69229,21753,9443,12310,52721,24146,28575,9430,4201,5229,5907,2642,3265
Mid,2020,202007,000,State of Texas,72,72 yrs,222113,103730,118383,136478,65081,71397,20095,8724,11371,50825,23371,27454,8839,3856,4983,5876,2698,3178
Mid,2020,202007,000,State of Texas,73,73 yrs,212166,98484,113682,134153,63761,70392,17795,7672,10123,46815,21132,25683,7948,3531,4417,5455,2388,3067
Mid,2020,202007,000,State of Texas,74,74 yrs,162186,74768,87418,96696,45888,50808,14491,6052,8439,40120,17932,22188,6856,3117,3739,4023,1779,2244
Mid,2020,202007,000,State of Texas,75,75 yrs,161145,73533,87612,98732,46022,52710,13782,5682,8100,38062,17000,21062,6616,3070,3546,3953,1759,2194
Mid,2020,202007,000,State of Texas,76,76 yrs,152672,68944,83728,96847,44923,51924,12452,5083,7369,34039,14813,19226,5579,2533,3046,3755,1592,2163
Mid,2020,202007,000,State of Texas,77,77 yrs,141852,64075,77777,91528,42291,49237,11543,4814,6729,30133,12996,17137,5221,2443,2778,3427,1531,1896
Mid,2020,202007,000,State of Texas,78,78 yrs,124878,55866,69012,79680,36583,43097,10112,4119,5993,27490,11758,15732,4715,2166,2549,2881,1240,1641
Mid,2020,202007,000,State of Texas,79,79 yrs,113435,50066,63369,72273,32722,39551,9231,3614,5617,25228,10713,14515,4147,1877,2270,2556,1140,1416
Mid,2020,202007,000,State of Texas,80,80 yrs,104637,45460,59177,65953,29276,36677,8480,3235,5245,24034,10257,13777,3992,1811,2181,2178,881,1297
Mid,2020,202007,000,State of Texas,81,81 yrs,93018,40044,52974,59806,26424,33382,7176,2799,4377,20605,8526,12079,3371,1513,1858,2060,782,1278
Mid,2020,202007,000,State of Texas,82,82 yrs,86199,36682,49517,55467,24179,31288,6579,2498,4081,19330,7875,11455,2995,1359,1636,1828,771,1057
Mid,2020,202007,000,State of Texas,83,83 yrs,76540,32058,44482,48897,21112,27785,5949,2203,3746,17538,6926,10612,2529,1143,1386,1627,674,953
Mid,2020,202007,000,State of Texas,84,84 yrs,70444,28842,41602,45699,19281,26418,5335,1933,3402,15700,6098,9602,2289,973,1316,1421,557,864
Mid,2020,202007,000,State of Texas,85,85 yrs,65029,26318,38711,42128,17427,24701,4965,1723,3242,14711,5761,8950,1923,876,1047,1302,531,771
Mid,2020,202007,000,State of Texas,86,86 yrs,54734,21763,32971,35573,14443,21130,4190,1437,2753,12361,4823,7538,1604,675,929,1006,385,621
Mid,2020,202007,000,State of Texas,87,87 yrs,48904,19085,29819,32243,12890,19353,3805,1295,2510,10461,3966,6495,1444,578,866,951,356,595
Mid,2020,202007,000,State of Texas,88,88 yrs,43239,16672,26567,28655,11238,17417,3048,989,2059,9426,3608,5818,1181,477,704,929,360,569
Mid,2020,202007,000,State of Texas,89,89 yrs,38249,14340,23909,25338,9766,15572,2730,861,1869,8444,3055,5389,1025,391,634,712,267,445
Mid,2020,202007,000,State of Texas,90,90 yrs,33102,11855,21247,21874,7965,13909,2490,724,1766,7328,2641,4687,868,343,525,542,182,360
Mid,2020,202007,000,State of Texas,91,91 yrs,26407,9276,17131,17606,6295,11311,1985,583,1402,5710,1983,3727,645,249,396,461,166,295
Mid,2020,202007,000,State of Texas,92,92 yrs,21815,7185,14630,14701,4903,9798,1516,422,1094,4735,1543,3192,536,198,338,327,119,208
Mid,2020,202007,000,State of Texas,93,93 yrs,17866,5703,12163,12076,3847,8229,1329,355,974,3718,1252,2466,442,144,298,301,105,196
Mid,2020,202007,000,State of Texas,94,94 yrs,13849,4112,9737,9177,2726,6451,1090,263,827,2961,934,2027,360,102,258,261,87,174
Mid,2020,202007,000,State of Texas,95,95+ yrs,35634,9794,25840,23347,6165,17182,3026,682,2344,7736,2431,5305,880,305,575,645,211,434
Mid,2021,202107,000,State of Texas,-1,All Ages,29570351,14604807,14965544,11634204,5776091,5858113,3504194,1682285,1821909,11684843,5815101,5869742,1613097,781203,831894,1134013,550127,583886
Mid,2021,202107,000,State of Texas,0,< 1 yr,373475,190473,183002,109032,55606,53426,44797,22847,21950,185202,94453,90749,13049,6655,6394,21395,10912,10483
Mid,2021,202107,000,State of Texas,1,1 yr,343770,175082,168688,99916,51088,48828,41370,20907,20463,165206,83979,81227,16954,8750,8204,20324,10358,9966
Mid,2021,202107,000,State of Texas,2,2 yrs,350526,178142,172384,103793,53121,50672,42764,21568,21196,167019,84597,82422,17234,8824,8410,19716,10032,9684
Mid,2021,202107,000,State of Texas,3,3 yrs,364788,185317,179471,106933,54649,52284,44778,22789,21989,173879,88044,85835,18614,9374,9240,20584,10461,10123
Mid,2021,202107,000,State of Texas,4,4 yrs,380976,194057,186919,112682,57632,55050,45816,23359,22457,181692,92116,89576,19879,10163,9716,20907,10787,10120
Mid,2021,202107,000,State of Texas,5,5 yrs,396733,201744,194989,118103,60395,57708,47479,23878,23601,189423,96239,93184,20335,10388,9947,21393,10844,10549
Mid,2021,202107,000,State of Texas,6,6 yrs,405872,207130,198742,119379,61346,58033,48654,24673,23981,194752,99218,95534,21302,10915,10387,21785,10978,10807
Mid,2021,202107,000,State of Texas,7,7 yrs,403060,205611,197449,119494,61357,58137,48144,24612,23532,193619,98353,95266,20829,10640,10189,20974,10649,10325
Mid,2021,202107,000,State of Texas,8,8 yrs,403283,205186,198097,119577,60894,58683,47835,24258,23577,193044,98098,94946,21878,11455,10423,20949,10481,10468
Mid,2021,202107,000,State of Texas,9,9 yrs,404123,206047,198076,118880,60519,58361,48243,24615,23628,195224,99675,95549,21165,10763,10402,20611,10475,10136
Mid,2021,202107,000,State of Texas,10,10 yrs,408866,209038,199828,120709,62020,58689,48951,25008,23943,197835,101070,96765,20909,10536,10373,20462,10404,10058
Mid,2021,202107,000,State of Texas,11,11 yrs,431778,220236,211542,124760,64157,60603,51795,26141,25654,212425,108160,104265,21184,10710,10474,21614,11068,10546
Mid,2021,202107,000,State of Texas,12,12 yrs,432070,220932,211138,125024,64206,60818,51819,26514,25305,213148,108752,104396,20919,10701,10218,21160,10759,10401
Mid,2021,202107,000,State of Texas,13,13 yrs,444639,226810,217829,127900,65495,62405,53052,27057,25995,220492,112356,108136,21628,11001,10627,21567,10901,10666
Mid,2021,202107,000,State of Texas,14,14 yrs,440856,224856,216000,127825,65566,62259,53092,27160,25932,218243,110820,107423,20470,10430,10040,21226,10880,10346
Mid,2021,202107,000,State of Texas,15,15 yrs,432880,221417,211463,126561,65186,61375,51379,26108,25271,213877,109331,104546,20416,10301,10115,20647,10491,10156
Mid,2021,202107,000,State of Texas,16,16 yrs,437534,224328,213206,128012,65889,62123,51764,26471,25293,216412,111184,105228,20853,10512,10341,20493,10272,10221
Mid,2021,202107,000,State of Texas,17,17 yrs,434955,222521,212434,129030,66192,62838,51266,26256,25010,213689,109315,104374,20762,10544,10218,20208,10214,9994
Mid,2021,202107,000,State of Texas,18,18 yrs,429324,219537,209787,127892,65711,62181,50639,25939,24700,210927,107823,103104,20629,10329,10300,19237,9735,9502
Mid,2021,202107,000,State of Texas,19,19 yrs,435680,222785,212895,129698,66665,63033,55180,27788,27392,209320,107637,101683,22278,11116,11162,19204,9579,9625
Mid,2021,202107,000,State of Texas,20,20 yrs,441802,223531,218271,136050,69101,66949,55282,27502,27780,207289,105370,101919,24178,12130,12048,19003,9428,9575
Mid,2021,202107,000,State of Texas,21,21 yrs,440035,224296,215739,140076,71630,68446,55408,27538,27870,203378,104146,99232,23302,11824,11478,17871,9158,8713
Mid,2021,202107,000,State of Texas,22,22 yrs,420184,214052,206132,135607,69245,66362,52345,26147,26198,193019,98683,94336,22447,11561,10886,16766,8416,8350
Mid,2021,202107,000,State of Texas,23,23 yrs,408772,208726,200046,132556,67791,64765,51013,25476,25537,185916,95382,90534,22967,11926,11041,16320,8151,8169
Mid,2021,202107,000,State of Texas,24,24 yrs,403151,205664,197487,133427,68224,65203,49816,24682,25134,181314,93237,88077,23132,11815,11317,15462,7706,7756
Mid,2021,202107,000,State of Texas,25,25 yrs,404538,205206,199332,135217,68770,66447,49935,24700,25235,179862,91783,88079,23470,12033,11437,16054,7920,8134
Mid,2021,202107,000,State of Texas,26,26 yrs,421176,214211,206965,141842,72549,69293,53026,25953,27073,186744,95694,91050,23892,12192,11700,15672,7823,7849
Mid,2021,202107,000,State of Texas,27,27 yrs,406960,204964,201996,138338,70382,67956,51689,25247,26442,177554,89841,87713,23962,12014,11948,15417,7480,7937
Mid,2021,202107,000,State of Texas,28,28 yrs,412319,207497,204822,141010,71779,69231,53020,25654,27366,177667,89948,87719,25234,12596,12638,15388,7520,7868
Mid,2021,202107,000,State of Texas,29,29 yrs,421608,211787,209821,147660,75171,72489,54204,26078,28126,178644,90464,88180,25791,12552,13239,15309,7522,7787
Mid,2021,202107,000,State of Texas,30,30 yrs,419631,210091,209540,150112,76271,73841,53936,25821,28115,173714,87843,85871,26202,12590,13612,15667,7566,8101
Mid,2021,202107,000,State of Texas,31,31 yrs,453734,228138,225596,162504,82697,79807,58657,28088,30569,187850,95824,92026,28398,13633,14765,16325,7896,8429
Mid,2021,202107,000,State of Texas,32,32 yrs,407110,202347,204763,149942,76107,73835,52206,24824,27382,162171,81172,80999,27475,12890,14585,15316,7354,7962
Mid,2021,202107,000,State of Texas,33,33 yrs,415015,206829,208186,153138,77590,75548,52567,24748,27819,166783,84406,82377,27490,12854,14636,15037,7231,7806
Mid,2021,202107,000,State of Texas,34,34 yrs,409877,203656,206221,152807,77194,75613,51240,24435,26805,163778,82182,81596,27014,12743,14271,15038,7102,7936
Mid,2021,202107,000,State of Texas,35,35 yrs,412999,205050,207949,155501,78600,76901,51855,24448,27407,163015,81850,81165,28021,13124,14897,14607,7028,7579
Mid,2021,202107,000,State of Texas,36,36 yrs,438271,219311,218960,163589,83340,80249,54348,26033,28315,175589,88706,86883,29716,14107,15609,15029,7125,7904
Mid,2021,202107,000,State of Texas,37,37 yrs,404189,200232,203957,151681,76786,74895,50069,23596,26473,159298,79557,79741,28739,13489,15250,14402,6804,7598
Mid,2021,202107,000,State of Texas,38,38 yrs,408999,202601,206398,153862,78145,75717,50881,24148,26733,161035,79837,81198,28548,13467,15081,14673,7004,7669
Mid,2021,202107,000,State of Texas,39,39 yrs,407524,201491,206033,152802,77418,75384,49914,23563,26351,162528,80763,81765,28024,13077,14947,14256,6670,7586
Mid,2021,202107,000,State of Texas,40,40 yrs,402476,198422,204054,150964,76610,74354,50567,23715,26852,159104,78472,80632,27224,12738,14486,14617,6887,7730
Mid,2021,202107,000,State of Texas,41,41 yrs,429637,213698,215939,157603,79979,77624,54333,25807,28526,174914,87849,87065,28337,13200,15137,14450,6863,7587
Mid,2021,202107,000,State of Texas,42,42 yrs,372247,183479,188768,139256,70712,68544,47347,22375,24972,146360,71954,74406,25791,12065,13726,13493,6373,7120
Mid,2021,202107,000,State of Texas,43,43 yrs,374529,183687,190842,139745,70421,69324,45870,21720,24150,150791,73659,77132,24863,11740,13123,13260,6147,7113
Mid,2021,202107,000,State of Texas,44,44 yrs,366183,180066,186117,135656,68513,67143,44632,21295,23337,147948,72276,75672,25075,11871,13204,12872,6111,6761
Mid,2021,202107,000,State of Texas,45,45 yrs,360807,177470,183337,133397,67787,65610,43708,20528,23180,145601,71088,74513,25752,12315,13437,12349,5752,6597
Mid,2021,202107,000,State of Texas,46,46 yrs,384014,190761,193253,142385,72234,70151,45554,22067,23487,156513,77466,79047,26814,12979,13835,12748,6015,6733
Mid,2021,202107,000,State of Texas,47,47 yrs,352917,173474,179443,133039,67234,65805,43139,20579,22560,140161,68128,72033,24988,12039,12949,11590,5494,6096
Mid,2021,202107,000,State of Texas,48,48 yrs,359083,176288,182795,137317,69357,67960,44499,21140,23359,139768,67908,71860,25184,12110,13074,12315,5773,6542
Mid,2021,202107,000,State of Texas,49,49 yrs,369939,181528,188411,148193,74825,73368,44935,21364,23571,139678,67532,72146,24798,11899,12899,12335,5908,6427
Mid,2021,202107,000,State of Texas,50,50 yrs,380146,186757,193389,159540,80473,79067,46715,22236,24479,137120,66364,70756,23891,11580,12311,12880,6104,6776
Mid,2021,202107,000,State of Texas,51,51 yrs,390717,193513,197204,163758,82693,81065,46736,22264,24472,143585,70902,72683,23975,11584,12391,12663,6070,6593
Mid,2021,202107,000,State of Texas,52,52 yrs,346024,170204,175820,148005,74398,73607,41226,19609,21617,123909,60477,63432,21477,10337,11140,11407,5383,6024
Mid,2021,202107,000,State of Texas,53,53 yrs,337563,166252,171311,143189,72202,70987,41118,19726,21392,122628,59709,62919,19719,9540,10179,10909,5075,5834
Mid,2021,202107,000,State of Texas,54,54 yrs,331614,163074,168540,143589,71924,71665,40992,19391,21601,118032,57987,60045,18190,8779,9411,10811,4993,5818
Mid,2021,202107,000,State of Texas,55,55 yrs,336804,165932,170872,146995,73557,73438,42122,19947,22175,118378,58411,59967,18445,8980,9465,10864,5037,5827
Mid,2021,202107,000,State of Texas,56,56 yrs,361269,177850,183419,164891,82401,82490,44439,20910,23529,121913,60160,61753,18448,8953,9495,11578,5426,6152
Mid,2021,202107,000,State of Texas,57,57 yrs,351430,172092,179338,166975,82958,84017,42165,19646,22519,112549,55354,57195,17988,8669,9319,11753,5465,6288
Mid,2021,202107,000,State of Texas,58,58 yrs,350296,171063,179233,170596,84709,85887,41932,19584,22348,108779,53037,55742,17126,8210,8916,11863,5523,6340
Mid,2021,202107,000,State of Texas,59,59 yrs,346433,169208,177225,173189,85802,87387,41108,19254,21854,104971,51375,53596,15518,7440,8078,11647,5337,6310
Mid,2021,202107,000,State of Texas,60,60 yrs,345089,167877,177212,174732,86567,88165,41411,19297,22114,102057,49559,52498,15583,7336,8247,11306,5118,6188
Mid,2021,202107,000,State of Texas,61,61 yrs,352764,171984,180780,180808,89510,91298,41541,19385,22156,103552,50534,53018,15811,7340,8471,11052,5215,5837
Mid,2021,202107,000,State of Texas,62,62 yrs,325783,157957,167826,170847,84443,86404,38611,17958,20653,91293,44132,47161,14560,6605,7955,10472,4819,5653
Mid,2021,202107,000,State of Texas,63,63 yrs,325544,157028,168516,173229,85142,88087,37750,17479,20271,89920,43058,46862,14246,6482,7764,10399,4867,5532
Mid,2021,202107,000,State of Texas,64,64 yrs,312496,149174,163322,167406,81353,86053,36044,16492,19552,85108,40552,44556,13933,6258,7675,10005,4519,5486
Mid,2021,202107,000,State of Texas,65,65 yrs,301472,144131,157341,162991,79239,83752,34456,15880,18576,81097,38578,42519,13600,6150,7450,9328,4284,5044
Mid,2021,202107,000,State of Texas,66,66 yrs,301725,143800,157925,165522,80413,85109,33808,15322,18486,79880,37858,42022,13391,6014,7377,9124,4193,4931
Mid,2021,202107,000,State of Texas,67,67 yrs,274836,129164,145672,154347,73834,80513,29626,13284,16342,70559,32920,37639,12078,5439,6639,8226,3687,4539
Mid,2021,202107,000,State of Texas,68,68 yrs,266494,125367,141127,151003,72535,78468,28229,12589,15640,67402,31393,36009,12141,5398,6743,7719,3452,4267
Mid,2021,202107,000,State of Texas,69,69 yrs,250972,117725,133247,144585,69304,75281,26107,11357,14750,62522,29055,33467,10731,4701,6030,7027,3308,3719
Mid,2021,202107,000,State of Texas,70,70 yrs,236606,109882,126724,134256,63817,70439,25115,10731,14384,59933,27714,32219,10822,4675,6147,6480,2945,3535
Mid,2021,202107,000,State of Texas,71,71 yrs,235679,109162,126517,136006,64603,71403,23657,10194,13463,58644,26867,31777,11026,4785,6241,6346,2713,3633
Mid,2021,202107,000,State of Texas,72,72 yrs,216857,100190,116667,128753,60784,67969,21165,9110,12055,51803,23587,28216,9336,4129,5207,5800,2580,3220
Mid,2021,202107,000,State of Texas,73,73 yrs,217024,100796,116228,133164,63196,69968,19510,8395,11115,49854,22789,27065,8735,3786,4949,5761,2630,3131
Mid,2021,202107,000,State of Texas,74,74 yrs,206812,95451,111361,130582,61747,68835,17239,7368,9871,45830,20562,25268,7827,3452,4375,5334,2322,3012
Mid,2021,202107,000,State of Texas,75,75 yrs,157848,72321,85527,93927,44335,49592,14021,5800,8221,39222,17416,21806,6746,3042,3704,3932,1728,2204
Mid,2021,202107,000,State of Texas,76,76 yrs,156459,70943,85516,95671,44342,51329,13292,5422,7870,37137,16479,20658,6506,2996,3510,3853,1704,2149
Mid,2021,202107,000,State of Texas,77,77 yrs,147722,66253,81469,93520,43110,50410,11964,4832,7132,33136,14316,18820,5455,2460,2995,3647,1535,2112
Mid,2021,202107,000,State of Texas,78,78 yrs,136788,61334,75454,88069,40424,47645,11056,4561,6495,29261,12522,16739,5087,2357,2730,3315,1470,1845
Mid,2021,202107,000,State of Texas,79,79 yrs,119967,53257,66710,76361,34814,41547,9655,3886,5769,26609,11294,15315,4565,2076,2489,2777,1187,1590
Mid,2021,202107,000,State of Texas,80,80 yrs,108527,47513,61014,68958,30985,37973,8779,3393,5386,24345,10257,14088,3991,1792,2199,2454,1086,1368
Mid,2021,202107,000,State of Texas,81,81 yrs,99623,42913,56710,62602,27562,35040,8022,3019,5003,23097,9777,13320,3819,1719,2100,2083,836,1247
Mid,2021,202107,000,State of Texas,82,82 yrs,88064,37560,50504,56429,24710,31719,6753,2598,4155,19717,8091,11626,3206,1425,1781,1959,736,1223
Mid,2021,202107,000,State of Texas,83,83 yrs,81074,34149,46925,51976,22428,29548,6154,2301,3853,18388,7428,10960,2831,1271,1560,1725,721,1004
Mid,2021,202107,000,State of Texas,84,84 yrs,71502,29612,41890,45490,19422,26068,5528,2015,3513,16586,6489,10097,2373,1061,1312,1525,625,900
Mid,2021,202107,000,State of Texas,85,85 yrs,65303,26409,38894,42182,17579,24603,4922,1754,3168,14743,5669,9074,2134,896,1238,1322,511,811
Mid,2021,202107,000,State of Texas,86,86 yrs,59780,23879,35901,38558,15739,22819,4545,1551,2994,13699,5306,8393,1777,799,978,1201,484,717
Mid,2021,202107,000,State of Texas,87,87 yrs,49887,19563,30324,32278,12924,19354,3803,1280,2523,11415,4402,7013,1470,610,860,921,347,574
Mid,2021,202107,000,State of Texas,88,88 yrs,44136,16977,27159,28969,11414,17555,3423,1144,2279,9571,3583,5988,1311,517,794,862,319,543
Mid,2021,202107,000,State of Texas,89,89 yrs,38612,14667,23945,25472,9840,15632,2716,866,1850,8530,3223,5307,1062,422,640,832,316,516
Mid,2021,202107,000,State of Texas,90,90 yrs,33765,12468,21297,22262,8450,13812,2406,745,1661,7554,2696,4858,911,343,568,632,234,398
Mid,2021,202107,000,State of Texas,91,91 yrs,28864,10179,18685,18987,6807,12180,2169,619,1550,6471,2300,4171,762,296,466,475,157,318
Mid,2021,202107,000,State of Texas,92,92 yrs,22713,7853,14860,15074,5305,9769,1706,492,1214,4973,1702,3271,560,213,347,400,141,259
Mid,2021,202107,000,State of Texas,93,93 yrs,18495,5994,12501,12409,4072,8337,1286,351,935,4062,1305,2757,459,166,293,279,100,179
Mid,2021,202107,000,State of Texas,94,94 yrs,14904,4686,10218,10033,3147,6886,1110,291,819,3134,1040,2094,373,120,253,254,88,166
Mid,2021,202107,000,State of Texas,95,95+ yrs,38955,10842,28113,25543,6922,18621,3250,738,2512,8461,2632,5829,987,320,667,714,230,484
Mid,2022,202207,000,State of Texas,-1,All Ages,30113488,14873154,15240334,11727208,5822278,5904930,3577669,1716784,1860885,11976834,5962334,6014500,1671335,808529,862806,1160442,563229,597213
Mid,2022,202207,000,State of Texas,0,< 1 yr,379257,193420,185837,109225,55704,53521,45520,23215,22305,188654,96214,92440,13424,6846,6578,22434,11441,10993
Mid,2022,202207,000,State of Texas,1,1 yr,378097,192715,185382,109667,55918,53749,45357,23111,22246,187872,95732,92140,13709,6996,6713,21492,10958,10534
Mid,2022,202207,000,State of Texas,2,2 yrs,348693,177539,171154,100804,51550,49254,42021,21234,20787,167765,85213,82552,17627,9107,8520,20476,10435,10041
Mid,2022,202207,000,State of Texas,3,3 yrs,355546,180684,174862,104758,53625,51133,43441,21909,21532,169536,85847,83689,17933,9187,8746,19878,10116,9762
Mid,2022,202207,000,State of Texas,4,4 yrs,369849,187885,181964,107911,55159,52752,45475,23139,22336,176400,89309,87091,19314,9733,9581,20749,10545,10204
Mid,2022,202207,000,State of Texas,5,5 yrs,386145,196685,189460,113684,58149,55535,46519,23715,22804,184289,93427,90862,20575,10519,10056,21078,10875,10203
Mid,2022,202207,000,State of Texas,6,6 yrs,402025,204450,197575,119135,60929,58206,48191,24238,23953,192115,97619,94496,21016,10731,10285,21568,10933,10635
Mid,2022,202207,000,State of Texas,7,7 yrs,411239,209902,201337,120420,61889,58531,49375,25039,24336,197535,100668,96867,21944,11236,10708,21965,11070,10895
Mid,2022,202207,000,State of Texas,8,8 yrs,408397,208378,200019,120527,61893,58634,48855,24973,23882,196414,99820,96594,21452,10953,10499,21149,10739,10410
Mid,2022,202207,000,State of Texas,9,9 yrs,408604,207953,200651,120602,61421,59181,48541,24614,23927,195856,99589,96267,22484,11761,10723,21121,10568,10553
Mid,2022,202207,000,State of Texas,10,10 yrs,409479,208813,200666,119887,61034,58853,48950,24972,23978,198094,101180,96914,21764,11063,10701,20784,10564,10220
Mid,2022,202207,000,State of Texas,11,11 yrs,414183,211791,202392,121722,62539,59183,49657,25363,24294,200690,102574,98116,21483,10825,10658,20631,10490,10141
Mid,2022,202207,000,State of Texas,12,12 yrs,437208,223040,214168,125792,64686,61106,52517,26502,26015,215364,109699,105665,21747,10996,10751,21788,11157,10631
Mid,2022,202207,000,State of Texas,13,13 yrs,437483,223733,213750,126058,64731,61327,52550,26882,25668,216088,110302,105786,21461,10976,10485,21326,10842,10484
Mid,2022,202207,000,State of Texas,14,14 yrs,450142,229647,220495,128963,66031,62932,53795,27428,26367,223483,113931,109552,22162,11270,10892,21739,10987,10752
Mid,2022,202207,000,State of Texas,15,15 yrs,446472,227737,218735,128921,66112,62809,53860,27540,26320,221264,112410,108854,21034,10711,10323,21393,10964,10429
Mid,2022,202207,000,State of Texas,16,16 yrs,438614,224363,214251,127706,65757,61949,52168,26498,25670,216903,110939,105964,21023,10594,10429,20814,10575,10239
Mid,2022,202207,000,State of Texas,17,17 yrs,443549,227399,216150,129225,66487,62738,52564,26858,25706,219534,112850,106684,21568,10851,10717,20658,10353,10305
Mid,2022,202207,000,State of Texas,18,18 yrs,441312,225762,215550,130318,66823,63495,52095,26657,25438,216897,111041,105856,21620,10943,10677,20382,10298,10084
Mid,2022,202207,000,State of Texas,19,19 yrs,436216,222995,213221,129652,66598,63054,51754,26436,25318,213897,109422,104475,21534,10733,10801,19379,9806,9573
Mid,2022,202207,000,State of Texas,20,20 yrs,442768,226340,216428,131497,67562,63935,56324,28299,28025,212310,109250,103060,23294,11583,11711,19343,9646,9697
Mid,2022,202207,000,State of Texas,21,21 yrs,449101,227142,221959,137949,70043,67906,56463,28018,28445,210301,106966,103335,25248,12621,12627,19140,9494,9646
Mid,2022,202207,000,State of Texas,22,22 yrs,447521,227978,219543,142036,72606,69430,56644,28077,28567,206395,105715,100680,24444,12358,12086,18002,9222,8780
Mid,2022,202207,000,State of Texas,23,23 yrs,427576,217662,209914,137512,70201,67311,53555,26667,26888,195966,100187,95779,23650,12129,11521,16893,8478,8415
Mid,2022,202207,000,State of Texas,24,24 yrs,416196,212349,203847,134444,68745,65699,52195,25985,26210,188872,96886,91986,24237,12519,11718,16448,8214,8234
Mid,2022,202207,000,State of Texas,25,25 yrs,410759,209343,201416,135318,69172,66146,51015,25199,25816,184386,94805,89581,24449,12399,12050,15591,7768,7823
Mid,2022,202207,000,State of Texas,26,26 yrs,412342,208987,203355,137125,69723,67402,51121,25199,25922,183108,93485,89623,24803,12599,12204,16185,7981,8204
Mid,2022,202207,000,State of Texas,27,27 yrs,429198,218088,211110,143793,73526,70267,54255,26472,27783,190102,97464,92638,25244,12737,12507,15804,7889,7915
Mid,2022,202207,000,State of Texas,28,28 yrs,414907,208787,206120,140276,71345,68931,52931,25772,27159,180847,91578,89269,25308,12551,12757,15545,7541,8004
Mid,2022,202207,000,State of Texas,29,29 yrs,420237,211308,208929,142960,72747,70213,54302,26196,28106,180928,91666,89262,26528,13115,13413,15519,7584,7935
Mid,2022,202207,000,State of Texas,30,30 yrs,429458,215595,213863,149635,76159,73476,55489,26628,28861,181861,92160,89701,27038,13065,13973,15435,7583,7852
Mid,2022,202207,000,State of Texas,31,31 yrs,427306,213846,213460,152092,77258,74834,55205,26362,28843,176821,89505,87316,27388,13091,14297,15800,7630,8170
Mid,2022,202207,000,State of Texas,32,32 yrs,461298,231842,229456,164533,83712,80821,59928,28628,31300,190826,97414,93412,29556,14130,15426,16455,7958,8497
Mid,2022,202207,000,State of Texas,33,33 yrs,414126,205753,208373,151898,77081,74817,53408,25330,28078,164803,82564,82239,28575,13365,15210,15442,7413,8029
Mid,2022,202207,000,State of Texas,34,34 yrs,421754,210070,211684,155060,78543,76517,53710,25224,28486,169279,85713,83566,28550,13304,15246,15155,7286,7869
Mid,2022,202207,000,State of Texas,35,35 yrs,416290,206727,209563,154687,78128,76559,52327,24884,27443,166112,83395,82717,28010,13163,14847,15154,7157,7997
Mid,2022,202207,000,State of Texas,36,36 yrs,418308,207779,210529,156728,79241,77487,52490,24742,27748,165284,83050,82234,29089,13667,15422,14717,7079,7638
Mid,2022,202207,000,State of Texas,37,37 yrs,443316,221854,221462,164824,83984,80840,54954,26309,28645,177675,89770,87905,30725,14616,16109,15138,7175,7963
Mid,2022,202207,000,State of Texas,38,38 yrs,408699,202479,206220,152815,77377,75438,50621,23847,26774,161083,80442,80641,29676,13964,15712,14504,6849,7655
Mid,2022,202207,000,State of Texas,39,39 yrs,413216,204632,208584,154973,78723,76250,51415,24386,27029,162653,80583,82070,29404,13892,15512,14771,7048,7723
Mid,2022,202207,000,State of Texas,40,40 yrs,411490,203350,208140,153881,77978,75903,50422,23785,26637,164032,81425,82607,28806,13452,15354,14349,6710,7639
Mid,2022,202207,000,State of Texas,41,41 yrs,406192,200138,206054,152004,77148,74856,51057,23930,27127,160455,79043,81412,27966,13091,14875,14710,6926,7784
Mid,2022,202207,000,State of Texas,42,42 yrs,433271,215380,217891,158630,80508,78122,54805,26014,28791,176255,88418,87837,29044,13540,15504,14537,6900,7637
Mid,2022,202207,000,State of Texas,43,43 yrs,375587,185034,190553,140183,71199,68984,47793,22572,25221,147574,72458,75116,26462,12397,14065,13575,6408,7167
Mid,2022,202207,000,State of Texas,44,44 yrs,377714,185172,192542,140628,70880,69748,46284,21905,24379,151960,74139,77821,25505,12068,13437,13337,6180,7157
Mid,2022,202207,000,State of Texas,45,45 yrs,369262,181500,187762,136496,68951,67545,45016,21467,23549,149107,72748,76359,25699,12194,13505,12944,6140,6804
Mid,2022,202207,000,State of Texas,46,46 yrs,363731,178840,184891,134194,68200,65994,44072,20688,23384,146697,71541,75156,26351,12631,13720,12417,5780,6637
Mid,2022,202207,000,State of Texas,47,47 yrs,386764,192038,194726,143147,72618,70529,45889,22213,23676,157535,77894,79641,27379,13273,14106,12814,6040,6774
Mid,2022,202207,000,State of Texas,48,48 yrs,355412,174623,180789,133734,67579,66155,43449,20709,22740,141073,68510,72563,25506,12307,13199,11650,5518,6132
Mid,2022,202207,000,State of Texas,49,49 yrs,361353,177324,184029,137963,69671,68292,44770,21248,23522,140604,68267,72337,25644,12343,13301,12372,5795,6577
Mid,2022,202207,000,State of Texas,50,50 yrs,372062,182472,189590,148820,75119,73701,45186,21460,23726,140456,67863,72593,25213,12102,13111,12387,5928,6459
Mid,2022,202207,000,State of Texas,51,51 yrs,382147,187619,194528,160145,80745,79400,46945,22316,24629,137857,66675,71182,24272,11763,12509,12928,6120,6808
Mid,2022,202207,000,State of Texas,52,52 yrs,392632,194304,198328,164335,82941,81394,46955,22336,24619,144292,71187,73105,24345,11757,12588,12705,6083,6622
Mid,2022,202207,000,State of Texas,53,53 yrs,347718,170889,176829,148495,74602,73893,41417,19670,21747,124525,60723,63802,21837,10501,11336,11444,5393,6051
Mid,2022,202207,000,State of Texas,54,54 yrs,339077,166814,172263,143610,72362,71248,41277,19764,21513,123176,59914,63262,20074,9691,10383,10940,5083,5857
Mid,2022,202207,000,State of Texas,55,55 yrs,332997,163547,169450,143940,72041,71899,41131,19415,21716,118534,58159,60375,18557,8935,9622,10835,4997,5838
Mid,2022,202207,000,State of Texas,56,56 yrs,338016,166286,171730,147270,73628,73642,42233,19950,22283,118830,58540,60290,18802,9131,9671,10881,5037,5844
Mid,2022,202207,000,State of Texas,57,57 yrs,362326,178078,184248,165083,82408,82675,44511,20890,23621,122329,60247,62082,18815,9112,9703,11588,5421,6167
Mid,2022,202207,000,State of Texas,58,58 yrs,352294,172213,180081,167068,82906,84162,42221,19619,22602,112903,55409,57494,18346,8824,9522,11756,5455,6301
Mid,2022,202207,000,State of Texas,59,59 yrs,350920,171050,179870,170598,84597,86001,41945,19531,22414,109040,53046,55994,17481,8368,9113,11856,5508,6348
Mid,2022,202207,000,State of Texas,60,60 yrs,346820,169051,177769,173065,85606,87459,41077,19184,21893,105168,51339,53829,15873,7602,8271,11637,5320,6317
Mid,2022,202207,000,State of Texas,61,61 yrs,345189,167548,177641,174473,86284,88189,41338,19195,22143,102159,49483,52676,15934,7491,8443,11285,5095,6190
Mid,2022,202207,000,State of Texas,62,62 yrs,352558,171468,181090,180407,89134,91273,41417,19251,22166,103559,50403,53156,16154,7494,8660,11021,5186,5835
Mid,2022,202207,000,State of Texas,63,63 yrs,325351,157341,168010,170325,84003,86322,38453,17806,20647,91243,43993,47250,14894,6753,8141,10436,4786,5650
Mid,2022,202207,000,State of Texas,64,64 yrs,324750,156198,168552,172547,84604,87943,37540,17297,20243,89775,42867,46908,14536,6601,7935,10352,4829,5523
Mid,2022,202207,000,State of Texas,65,65 yrs,311457,148234,163223,166604,80760,85844,35802,16297,19505,84896,40329,44567,14203,6369,7834,9952,4479,5473
Mid,2022,202207,000,State of Texas,66,66 yrs,299527,142654,156873,161758,78374,83384,34044,15597,18447,80719,38274,42445,13716,6158,7558,9290,4251,5039
Mid,2022,202207,000,State of Texas,67,67 yrs,299394,142107,157287,164063,79415,84648,33350,15016,18334,79420,37507,41913,13487,6016,7471,9074,4153,4921
Mid,2022,202207,000,State of Texas,68,68 yrs,272460,127499,144961,152828,72828,80000,29202,13004,16198,70099,32577,37522,12155,5441,6714,8176,3649,4527
Mid,2022,202207,000,State of Texas,69,69 yrs,263888,123581,140307,149345,71449,77896,27784,12300,15484,66914,31026,35888,12183,5394,6789,7662,3412,4250
Mid,2022,202207,000,State of Texas,70,70 yrs,248215,115862,132353,142814,68164,74650,25661,11075,14586,62020,28675,33345,10751,4684,6067,6969,3264,3705
Mid,2022,202207,000,State of Texas,71,71 yrs,233691,107965,125726,132439,62674,69765,24648,10444,14204,59385,27309,32076,10799,4634,6165,6420,2904,3516
Mid,2022,202207,000,State of Texas,72,72 yrs,232402,107065,125337,133942,63330,70612,23181,9904,13277,58027,26431,31596,10975,4731,6244,6277,2669,3608
Mid,2022,202207,000,State of Texas,73,73 yrs,213446,98069,115377,126552,59456,67096,20696,8831,11865,51183,23166,28017,9284,4080,5204,5731,2536,3195
Mid,2022,202207,000,State of Texas,74,74 yrs,213074,98397,114677,130565,61646,68919,19032,8119,10913,49150,22332,26818,8656,3726,4930,5671,2574,3097
Mid,2022,202207,000,State of Texas,75,75 yrs,202623,92954,109669,127738,60079,67659,16785,7106,9679,45113,20111,25002,7746,3391,4355,5241,2267,2974
Mid,2022,202207,000,State of Texas,76,76 yrs,154381,70286,84095,91675,43028,48647,13620,5576,8044,38545,17004,21541,6680,2991,3689,3861,1687,2174
Mid,2022,202207,000,State of Texas,77,77 yrs,152485,68669,83816,93058,42862,50196,12862,5191,7671,36402,16037,20365,6395,2925,3470,3768,1654,2114
Mid,2022,202207,000,State of Texas,78,78 yrs,143491,63883,79608,90639,41506,49133,11543,4610,6933,32404,13893,18511,5353,2391,2962,3552,1483,2069
Mid,2022,202207,000,State of Texas,79,79 yrs,132333,58883,73450,85009,38747,46262,10628,4333,6295,28525,12115,16410,4955,2273,2682,3216,1415,1801
Mid,2022,202207,000,State of Texas,80,80 yrs,115595,50903,64692,73384,33207,40177,9245,3674,5571,25861,10890,14971,4421,1994,2427,2684,1138,1546
Mid,2022,202207,000,State of Texas,81,81 yrs,104063,45168,58895,65925,29383,36542,8364,3189,5175,23568,9849,13719,3846,1712,2134,2360,1035,1325
Mid,2022,202207,000,State of Texas,82,82 yrs,95001,40546,54455,59496,25960,33536,7602,2820,4782,22253,9343,12910,3656,1631,2025,1994,792,1202
Mid,2022,202207,000,State of Texas,83,83 yrs,83425,35219,48206,53258,23086,30172,6362,2411,3951,18891,7686,11205,3050,1342,1708,1864,694,1170
Mid,2022,202207,000,State of Texas,84,84 yrs,76278,31770,44508,48704,20781,27923,5759,2121,3638,17513,7009,10504,2673,1186,1487,1629,673,956
Mid,2022,202207,000,State of Texas,85,85 yrs,66765,27316,39449,42289,17835,24454,5135,1842,3293,15686,6076,9610,2226,984,1242,1429,579,850
Mid,2022,202207,000,State of Texas,86,86 yrs,60468,24135,36333,38884,15992,22892,4537,1590,2947,13832,5260,8572,1985,823,1162,1230,470,760
Mid,2022,202207,000,State of Texas,87,87 yrs,54878,21622,33256,35238,14186,21052,4155,1393,2762,12741,4878,7863,1639,727,912,1105,438,667
Mid,2022,202207,000,State of Texas,88,88 yrs,45358,17535,27823,29211,11527,17684,3445,1139,2306,10517,4006,6511,1344,550,794,841,313,528
Mid,2022,202207,000,State of Texas,89,89 yrs,39698,15043,24655,25938,10067,15871,3068,1007,2061,8726,3225,5501,1187,461,726,779,283,496
Mid,2022,202207,000,State of Texas,90,90 yrs,34329,12845,21484,22543,8577,13966,2409,753,1656,7684,2865,4819,952,373,579,741,277,464
Mid,2022,202207,000,State of Texas,91,91 yrs,29650,10779,18871,19456,7272,12184,2110,641,1469,6720,2365,4355,805,298,507,559,203,356
Mid,2022,202207,000,State of Texas,92,92 yrs,25005,8682,16323,16374,5778,10596,1877,526,1351,5674,1988,3686,665,255,410,415,135,280
Mid,2022,202207,000,State of Texas,93,93 yrs,19388,6600,12788,12810,4439,8371,1456,412,1044,4296,1450,2846,483,180,303,343,119,224
Mid,2022,202207,000,State of Texas,94,94 yrs,15541,4960,10581,10382,3355,7027,1083,290,793,3450,1092,2358,389,139,250,237,84,153
Mid,2022,202207,000,State of Texas,95,95+ yrs,42660,12194,30466,28114,7892,20222,3464,811,2653,9220,2891,6329,1091,350,741,771,250,521
Mid,2023,202307,000,State of Texas,-1,All Ages,30727890,15176447,15551443,11844103,5880193,5963910,3659616,1755279,1904337,12299819,6124951,6174868,1733867,837908,895959,1190485,578116,612369
Mid,2023,202307,000,State of Texas,0,< 1 yr,385536,196624,188912,109499,55844,53655,46267,23597,22670,192449,98149,94300,13805,7041,6764,23516,11993,11523
Mid,2023,202307,000,State of Texas,1,1 yr,384789,196124,188665,110116,56147,53969,46190,23535,22655,191780,97723,94057,14120,7205,6915,22583,11514,11069
Mid,2023,202307,000,State of Texas,2,2 yrs,384073,195706,188367,110856,56532,54324,46134,23502,22632,190981,97246,93735,14404,7363,7041,21698,11063,10635
Mid,2023,202307,000,State of Texas,3,3 yrs,354537,180500,174037,101992,52167,49825,42797,21625,21172,170686,86668,84018,18373,9494,8879,20689,10546,10143
Mid,2023,202307,000,State of Texas,4,4 yrs,361405,183658,177747,105970,54255,51715,44235,22306,21929,172439,87306,85133,18676,9569,9107,20085,10222,9863
Mid,2023,202307,000,State of Texas,5,5 yrs,375839,190931,184908,109142,55795,53347,46285,23550,22735,179390,90818,88572,20056,10111,9945,20966,10657,10309
Mid,2023,202307,000,State of Texas,6,6 yrs,392300,199833,192467,114959,58807,56152,47338,24132,23206,187394,95015,92379,21309,10889,10420,21300,10990,10310
Mid,2023,202307,000,State of Texas,7,7 yrs,408326,207694,200632,120453,61612,58841,49024,24660,24364,195341,99294,96047,21711,11079,10632,21797,11049,10748
Mid,2023,202307,000,State of Texas,8,8 yrs,417594,213188,204406,121738,62572,59166,50211,25462,24749,200820,102387,98433,22629,11580,11049,22196,11187,11009
Mid,2023,202307,000,State of Texas,9,9 yrs,414713,211656,203057,121839,62570,59269,49683,25393,24290,199711,101558,98153,22109,11283,10826,21371,10852,10519
Mid,2023,202307,000,State of Texas,10,10 yrs,414953,211223,203730,121899,62084,59815,49365,25030,24335,199197,101332,97865,23145,12095,11050,21347,10682,10665
Mid,2023,202307,000,State of Texas,11,11 yrs,415770,212061,203709,121175,61690,59485,49773,25386,24387,201422,102927,98495,22396,11382,11014,21004,10676,10328
Mid,2023,202307,000,State of Texas,12,12 yrs,420504,215053,205451,123022,63205,59817,50487,25780,24707,204046,104329,99717,22101,11138,10963,20848,10601,10247
Mid,2023,202307,000,State of Texas,13,13 yrs,443683,226383,217300,127125,65365,61760,53378,26933,26445,218826,111515,107311,22346,11300,11046,22008,11270,10738
Mid,2023,202307,000,State of Texas,14,14 yrs,443983,227084,216899,127406,65415,61991,53416,27316,26100,219568,112128,107440,22048,11273,10775,21545,10952,10593
Mid,2023,202307,000,State of Texas,15,15 yrs,456874,233099,223775,130367,66735,63632,54696,27875,26821,227062,115808,111254,22789,11583,11206,21960,11098,10862
Mid,2023,202307,000,State of Texas,16,16 yrs,453333,231256,222077,130380,66843,63537,54788,28002,26786,224855,114303,110552,21697,11033,10664,21613,11075,10538
Mid,2023,202307,000,State of Texas,17,17 yrs,445678,227966,217712,129218,66509,62709,53095,26948,26147,220546,112869,107677,21792,10959,10833,21027,10681,10346
Mid,2023,202307,000,State of Texas,18,18 yrs,451005,231202,219803,130818,67275,63543,53525,27324,26201,223294,114861,108433,22485,11279,11206,20883,10463,10420
Mid,2023,202307,000,State of Texas,19,19 yrs,449317,229786,219531,132399,67873,64526,53343,27220,26123,220413,112920,107493,22586,11378,11208,20576,10395,10181
Mid,2023,202307,000,State of Texas,20,20 yrs,444355,227082,217273,131760,67652,64108,53009,27004,26005,217418,111304,106114,22604,11226,11378,19564,9896,9668
Mid,2023,202307,000,State of Texas,21,21 yrs,451133,230506,220627,133688,68658,65030,57646,28885,28761,215851,111125,104726,24421,12102,12319,19527,9736,9791
Mid,2023,202307,000,State of Texas,22,22 yrs,457707,231383,226324,140228,71179,69049,57842,28627,29215,213852,108803,105049,26464,13192,13272,19321,9582,9739
Mid,2023,202307,000,State of Texas,23,23 yrs,456113,232194,223919,144308,73748,70560,58011,28672,29339,209895,107502,102393,25722,12963,12759,18177,9309,8868
Mid,2023,202307,000,State of Texas,24,24 yrs,436115,221845,214270,139751,71332,68419,54879,27245,27634,199436,101950,97486,24985,12755,12230,17064,8563,8501
Mid,2023,202307,000,State of Texas,25,25 yrs,424867,216565,208302,136659,69859,66800,53532,26569,26963,192432,98702,93730,25624,13138,12486,16620,8297,8323
Mid,2023,202307,000,State of Texas,26,26 yrs,419585,213644,205941,137549,70291,67258,52330,25761,26569,188097,96748,91349,25853,12999,12854,15756,7845,7911
Mid,2023,202307,000,State of Texas,27,27 yrs,421325,213346,207979,139381,70853,68528,52469,25777,26692,186891,95472,91419,26227,13179,13048,16357,8065,8292
Mid,2023,202307,000,State of Texas,28,28 yrs,438286,222495,215791,146099,74678,71421,55641,27066,28575,193910,99470,94440,26665,13311,13354,15971,7970,8001
Mid,2023,202307,000,State of Texas,29,29 yrs,423840,213109,210731,142557,72482,70075,54342,26377,27965,184558,93524,91034,26670,13103,13567,15713,7623,8090
Mid,2023,202307,000,State of Texas,30,30 yrs,429098,215626,213472,145257,73900,71357,55721,26811,28910,184592,93588,91004,27846,13664,14182,15682,7663,8019
Mid,2023,202307,000,State of Texas,31,31 yrs,438214,219893,218321,151969,77328,74641,56900,27236,29664,185442,94062,91380,28300,13603,14697,15603,7664,7939
Mid,2023,202307,000,State of Texas,32,32 yrs,435786,218009,217777,154437,78434,76003,56599,26962,29637,180172,91284,88888,28612,13619,14993,15966,7710,8256
Mid,2023,202307,000,State of Texas,33,33 yrs,469652,235923,233729,166941,84915,82026,61303,29214,32089,194043,99108,94935,30742,14647,16095,16623,8039,8584
Mid,2023,202307,000,State of Texas,34,34 yrs,421857,209483,212374,154175,78215,75960,54685,25869,28816,167685,84061,83624,29714,13852,15862,15598,7486,8112
Mid,2023,202307,000,State of Texas,35,35 yrs,429225,213668,215557,157315,79668,77647,54937,25735,29202,172039,87144,84895,29625,13761,15864,15309,7360,7949
Mid,2023,202307,000,State of Texas,36,36 yrs,422604,209956,212648,156274,78951,77323,53088,25239,27849,168790,84800,83990,29150,13740,15410,15302,7226,8076
Mid,2023,202307,000,State of Texas,37,37 yrs,424260,210771,213489,158301,80055,78246,53214,25073,28141,167716,84288,83428,30170,14210,15960,14859,7145,7714
Mid,2023,202307,000,State of Texas,38,38 yrs,449029,224703,224326,166394,84797,81597,55652,26629,29023,179958,90907,89051,31747,15132,16615,15278,7238,8040
Mid,2023,202307,000,State of Texas,39,39 yrs,413878,204986,208892,154278,78133,76145,51274,24141,27133,163081,81379,81702,30609,14424,16185,14636,6909,7727
Mid,2023,202307,000,State of Texas,40,40 yrs,418174,206983,211191,156422,79472,76950,52049,24668,27381,164540,81434,83106,30263,14304,15959,14900,7105,7795
Mid,2023,202307,000,State of Texas,41,41 yrs,416207,205561,210646,155292,78704,76588,51030,24055,26975,165786,82196,83590,29625,13841,15784,14474,6765,7709
Mid,2023,202307,000,State of Texas,42,42 yrs,410695,202246,208449,153366,77849,75517,51642,24190,27452,162115,79765,82350,28740,13462,15278,14832,6980,7852
Mid,2023,202307,000,State of Texas,43,43 yrs,437845,217539,220306,159997,81214,78783,55397,26278,29119,177998,89186,88812,29798,13910,15888,14655,6951,7704
Mid,2023,202307,000,State of Texas,44,44 yrs,379652,186950,192702,141394,71826,69568,48325,22810,25515,149075,73102,75973,27174,12756,14418,13684,6456,7228
Mid,2023,202307,000,State of Texas,45,45 yrs,381714,187052,194662,141812,71490,70322,46779,22128,24651,153490,74790,78700,26192,12420,13772,13441,6224,7217
Mid,2023,202307,000,State of Texas,46,46 yrs,373078,183306,189772,137621,69528,68093,45487,21677,23810,150565,73376,77189,26360,12540,13820,13045,6185,6860
Mid,2023,202307,000,State of Texas,47,47 yrs,367277,180511,186766,135246,68736,66510,44509,20882,23627,148032,72119,75913,26979,12955,14024,12511,5819,6692
Mid,2023,202307,000,State of Texas,48,48 yrs,390248,193674,196574,144199,73142,71057,46308,22396,23912,158867,78482,80385,27969,13575,14394,12905,6079,6826
Mid,2023,202307,000,State of Texas,49,49 yrs,358506,176063,182443,134683,68049,66634,43821,20865,22956,142242,69029,73213,26029,12568,13461,11731,5552,6179
Mid,2023,202307,000,State of Texas,50,50 yrs,364304,178679,185625,138892,70123,68769,45127,21395,23732,141712,68758,72954,26122,12575,13547,12451,5828,6623
Mid,2023,202307,000,State of Texas,51,51 yrs,374924,183760,191164,149754,75563,74191,45524,21591,23933,141526,68333,73193,25657,12315,13342,12463,5958,6505
Mid,2023,202307,000,State of Texas,52,52 yrs,384941,188846,196095,161089,81180,79909,47274,22440,24834,138874,67110,71764,24702,11967,12735,13002,6149,6853
Mid,2023,202307,000,State of Texas,53,53 yrs,395284,195438,199846,165218,83335,81883,47247,22440,24807,145279,71607,73672,24768,11950,12818,12772,6106,6666
Mid,2023,202307,000,State of Texas,54,54 yrs,350051,171846,178205,149264,74933,74331,41674,19754,21920,125364,61068,64296,22248,10678,11570,11501,5413,6088
Mid,2023,202307,000,State of Texas,55,55 yrs,341254,167668,173586,144292,72645,71647,41510,19831,21679,123971,60225,63746,20492,9869,10623,10989,5098,5891
Mid,2023,202307,000,State of Texas,56,56 yrs,334993,164286,170707,144550,72281,72269,41341,19466,21875,119263,58422,60841,18961,9108,9853,10878,5009,5869
Mid,2023,202307,000,State of Texas,57,57 yrs,339892,166933,172959,147824,73829,73995,42414,19983,22431,119523,58765,60758,19214,9311,9903,10917,5045,5872
Mid,2023,202307,000,State of Texas,58,58 yrs,364015,178591,185424,165560,82548,83012,44657,20900,23757,122962,60432,62530,19217,9287,9930,11619,5424,6195
Mid,2023,202307,000,State of Texas,59,59 yrs,353738,172597,181141,167465,82993,84472,42332,19611,22721,113420,55539,57881,18743,9001,9742,11778,5453,6325
Mid,2023,202307,000,State of Texas,60,60 yrs,352112,171281,180831,170875,84603,86272,42006,19503,22503,109485,53127,56358,17874,8547,9327,11872,5501,6371
Mid,2023,202307,000,State of Texas,61,61 yrs,347725,169112,178613,173213,85526,87687,41103,19128,21975,105505,51375,54130,16263,7776,8487,11641,5307,6334
Mid,2023,202307,000,State of Texas,62,62 yrs,345821,167452,178369,174504,86130,88374,41313,19109,22204,102408,49473,52935,16315,7662,8653,11281,5078,6203
Mid,2023,202307,000,State of Texas,63,63 yrs,352802,171141,181661,180249,88861,91388,41325,19124,22201,103702,50340,53362,16519,7654,8865,11007,5162,5845
Mid,2023,202307,000,State of Texas,64,64 yrs,325308,156872,168436,170050,83668,86382,38325,17661,20664,91303,43897,47406,15216,6885,8331,10414,4761,5653
Mid,2023,202307,000,State of Texas,65,65 yrs,324368,155546,168822,172100,84172,87928,37367,17129,20238,89744,42722,47022,14836,6725,8111,10321,4798,5523
Mid,2023,202307,000,State of Texas,66,66 yrs,310149,147049,163100,165722,80061,85661,35455,16044,19411,84692,40102,44590,14348,6389,7959,9932,4453,5479
Mid,2023,202307,000,State of Texas,67,67 yrs,297904,141301,156603,160706,77581,83125,33660,15323,18337,80437,38004,42433,13841,6172,7669,9260,4221,5039
Mid,2023,202307,000,State of Texas,68,68 yrs,297428,140575,156853,162808,78509,84299,32936,14728,18208,79064,37194,41870,13583,6026,7557,9037,4118,4919
Mid,2023,202307,000,State of Texas,69,69 yrs,270411,125969,144442,151501,71904,79597,28804,12732,16072,69747,32268,37479,12225,5450,6775,8134,3615,4519
Mid,2023,202307,000,State of Texas,70,70 yrs,261568,121894,139674,147855,70436,77419,27364,12019,15345,66522,30688,35834,12212,5377,6835,7615,3374,4241
Mid,2023,202307,000,State of Texas,71,71 yrs,245696,114097,131599,141199,67096,74103,25237,10802,14435,61591,28322,33269,10754,4653,6101,6915,3224,3691
Mid,2023,202307,000,State of Texas,72,72 yrs,230975,106136,124839,130735,61582,69153,24206,10170,14036,58894,26928,31966,10778,4594,6184,6362,2862,3500
Mid,2023,202307,000,State of Texas,73,73 yrs,229249,105024,124225,131950,62086,69864,22713,9618,13095,57450,26014,31436,10922,4679,6243,6214,2627,3587
Mid,2023,202307,000,State of Texas,74,74 yrs,210058,95955,114103,124377,58132,66245,20232,8558,11674,50578,22754,27824,9215,4022,5193,5656,2489,3167
Mid,2023,202307,000,State of Texas,75,75 yrs,209228,96039,113189,128016,60118,67898,18568,7846,10722,48483,21890,26593,8577,3666,4911,5584,2519,3065
Mid,2023,202307,000,State of Texas,76,76 yrs,198507,90496,108011,124932,58427,66505,16330,6842,9488,44422,19676,24746,7674,3337,4337,5149,2214,2935
Mid,2023,202307,000,State of Texas,77,77 yrs,150816,68194,82622,89373,41689,47684,13207,5349,7858,37867,16586,21281,6584,2928,3656,3785,1642,2143
Mid,2023,202307,000,State of Texas,78,78 yrs,148457,66368,82089,90399,41362,49037,12435,4962,7473,35667,15596,20071,6277,2845,3432,3679,1603,2076
Mid,2023,202307,000,State of Texas,79,79 yrs,139147,61480,77667,87691,39875,47816,11123,4390,6733,31653,13470,18183,5227,2313,2914,3453,1432,2021
Mid,2023,202307,000,State of Texas,80,80 yrs,127775,56401,71374,81878,37041,44837,10196,4106,6090,27781,11707,16074,4808,2188,2620,3112,1359,1753
Mid,2023,202307,000,State of Texas,81,81 yrs,111081,48496,62585,70313,31561,38752,8825,3460,5365,25089,10480,14609,4268,1909,2359,2586,1086,1500
Mid,2023,202307,000,State of Texas,82,82 yrs,99445,42768,56677,62791,27738,35053,7942,2986,4956,22760,9433,13327,3690,1628,2062,2262,983,1279
Mid,2023,202307,000,State of Texas,83,83 yrs,90207,38109,52098,56284,24310,31974,7178,2623,4555,21363,8893,12470,3483,1537,1946,1899,746,1153
Mid,2023,202307,000,State of Texas,84,84 yrs,78666,32841,45825,50019,21440,28579,5965,2226,3739,18032,7270,10762,2886,1256,1630,1764,649,1115
Mid,2023,202307,000,State of Texas,85,85 yrs,71374,29371,42003,45379,19127,26252,5360,1942,3418,16597,6577,10020,2509,1101,1408,1529,624,905
Mid,2023,202307,000,State of Texas,86,86 yrs,61964,25022,36942,39068,16262,22806,4745,1674,3071,14746,5649,9097,2075,905,1170,1330,532,798
Mid,2023,202307,000,State of Texas,87,87 yrs,55637,21902,33735,35615,14446,21169,4156,1430,2726,12895,4847,8048,1835,751,1084,1136,428,708
Mid,2023,202307,000,State of Texas,88,88 yrs,50005,19422,30583,31960,12681,19279,3772,1241,2531,11763,4448,7315,1499,656,843,1011,396,615
Mid,2023,202307,000,State of Texas,89,89 yrs,40896,15577,25319,26214,10191,16023,3095,1004,2091,9607,3612,5995,1218,491,727,762,279,483
Mid,2023,202307,000,State of Texas,90,90 yrs,35373,13201,22172,23007,8795,14212,2726,877,1849,7880,2874,5006,1063,406,657,697,249,448
Mid,2023,202307,000,State of Texas,91,91 yrs,30210,11134,19076,19747,7399,12348,2117,649,1468,6848,2519,4329,842,325,517,656,242,414
Mid,2023,202307,000,State of Texas,92,92 yrs,25739,9214,16525,16811,6188,10623,1829,545,1284,5907,2050,3857,704,257,447,488,174,314
Mid,2023,202307,000,State of Texas,93,93 yrs,21392,7312,14080,13945,4845,9100,1607,442,1165,4910,1696,3214,572,215,357,358,114,244
Mid,2023,202307,000,State of Texas,94,94 yrs,16326,5476,10850,10740,3666,7074,1229,342,887,3655,1216,2439,410,151,259,292,101,191
Mid,2023,202307,000,State of Texas,95,95+ yrs,46138,13477,32661,30443,8822,21621,3614,867,2747,10090,3139,6951,1185,386,799,806,263,543
Mid,2024,202407,000,State of Texas,-1,All Ages,31290831,15454093,15836738,11937236,5926175,6011061,3735384,1790772,1944612,12604995,6278659,6326336,1793816,866010,927806,1219400,592477,626923
Mid,2024,202407,000,State of Texas,0,< 1 yr,391234,199529,191705,109565,55879,53686,46906,23922,22984,196032,99976,96056,14161,7222,6939,24570,12530,12040
Mid,2024,202407,000,State of Texas,1,1 yr,390437,199006,191431,110202,56191,54011,46860,23877,22983,195265,99501,95764,14483,7391,7092,23627,12046,11581
Mid,2024,202407,000,State of Texas,2,2 yrs,390156,198804,191352,111117,56665,54452,46894,23889,23005,194591,99085,95506,14796,7562,7234,22758,11603,11155
Mid,2024,202407,000,State of Texas,3,3 yrs,389517,198469,191048,111923,57087,54836,46860,23869,22991,193747,98625,95122,15105,7728,7377,21882,11160,10722
Mid,2024,202407,000,State of Texas,4,4 yrs,359787,183167,176620,103008,52696,50312,43515,21985,21530,173307,87985,85322,19090,9864,9226,20867,10637,10230
Mid,2024,202407,000,State of Texas,5,5 yrs,366715,186357,180358,107003,54789,52214,44959,22672,22287,175107,88651,86456,19383,9931,9452,20263,10314,9949
Mid,2024,202407,000,State of Texas,6,6 yrs,381275,193709,187566,110194,56338,53856,47023,23925,23098,182152,92231,89921,20753,10462,10291,21153,10753,10400
Mid,2024,202407,000,State of Texas,7,7 yrs,397855,202698,195157,116045,59372,56673,48083,24510,23573,190267,96509,93758,21970,11219,10751,21490,11088,10402
Mid,2024,202407,000,State of Texas,8,8 yrs,413959,210608,203351,121562,62186,59376,49774,25038,24736,198277,100833,97444,22357,11403,10954,21989,11148,10841
Mid,2024,202407,000,State of Texas,9,9 yrs,423264,216139,207125,122848,63145,59703,50963,25842,25121,203808,103971,99837,23257,11896,11361,22388,11285,11103
Mid,2024,202407,000,State of Texas,10,10 yrs,420395,214590,205805,122932,63132,59800,50430,25770,24660,202740,103143,99597,22732,11596,11136,21561,10949,10612
Mid,2024,202407,000,State of Texas,11,11 yrs,420574,214126,206448,122990,62639,60351,50107,25403,24704,202194,102907,99287,23749,12401,11348,21534,10776,10758
Mid,2024,202407,000,State of Texas,12,12 yrs,421389,214960,206429,122260,62242,60018,50519,25760,24759,204439,104508,99931,22984,11681,11303,21187,10769,10418
Mid,2024,202407,000,State of Texas,13,13 yrs,426132,217970,208162,124119,63763,60356,51246,26162,25084,207076,105928,101148,22666,11426,11240,21025,10691,10334
Mid,2024,202407,000,State of Texas,14,14 yrs,449467,229363,220104,128259,65939,62320,54159,27321,26838,221952,113159,108793,22903,11581,11322,22194,11363,10831
Mid,2024,202407,000,State of Texas,15,15 yrs,449905,230126,219779,128576,65999,62577,54222,27715,26507,222742,113800,108942,22638,11568,11070,21727,11044,10683
Mid,2024,202407,000,State of Texas,16,16 yrs,463027,236255,226772,131611,67354,64257,55536,28292,27244,230308,117528,112780,23427,11891,11536,22145,11190,10955
Mid,2024,202407,000,State of Texas,17,17 yrs,459730,234512,225218,131686,67487,64199,55640,28414,27226,228173,116062,112111,22436,11383,11053,21795,11166,10629
Mid,2024,202407,000,State of Texas,18,18 yrs,452388,231384,221004,130588,67182,63406,53969,27368,26601,223936,114688,109248,22678,11372,11306,21217,10774,10443
Mid,2024,202407,000,State of Texas,19,19 yrs,458312,234871,223441,132679,68213,64466,54693,27846,26847,226473,116571,109902,23423,11699,11724,21044,10542,10502
Mid,2024,202407,000,State of Texas,20,20 yrs,456783,233530,223253,134300,68820,65480,54519,27747,26772,223603,114633,108970,23627,11858,11769,20734,10472,10262
Mid,2024,202407,000,State of Texas,21,21 yrs,451980,230870,221110,133730,68634,65096,54220,27537,26683,220624,113003,107621,23691,11725,11966,19715,9971,9744
Mid,2024,202407,000,State of Texas,22,22 yrs,458990,234380,224610,135709,69668,66041,58937,29451,29486,219070,112800,106270,25596,12652,12944,19678,9809,9869
Mid,2024,202407,000,State of Texas,23,23 yrs,465596,235227,230369,142248,72190,70058,59121,29177,29944,217039,110425,106614,27716,13781,13935,19472,9654,9818
Mid,2024,202407,000,State of Texas,24,24 yrs,464077,236076,228001,146347,74777,71570,59268,29213,30055,213104,109130,103974,27034,13574,13460,18324,9382,8942
Mid,2024,202407,000,State of Texas,25,25 yrs,444188,225747,218441,141764,72342,69422,56143,27791,28352,202732,103627,99105,26340,13355,12985,17209,8632,8577
Mid,2024,202407,000,State of Texas,26,26 yrs,433077,220552,212525,138667,70865,67802,54776,27095,27681,195874,100505,95369,26998,13723,13275,16762,8364,8398
Mid,2024,202407,000,State of Texas,27,27 yrs,427914,217675,210239,139574,71306,68268,53599,26299,27300,191598,98595,93003,27246,13561,13685,15897,7914,7983
Mid,2024,202407,000,State of Texas,28,28 yrs,429655,217365,212290,141419,71867,69552,53757,26324,27433,190364,97305,93059,27614,13734,13880,16501,8135,8366
Mid,2024,202407,000,State of Texas,29,29 yrs,446641,226531,220110,148169,75709,72460,56977,27633,29344,197386,101302,96084,27995,13846,14149,16114,8041,8073
Mid,2024,202407,000,State of Texas,30,30 yrs,432011,217077,214934,144606,73509,71097,55672,26949,28723,187936,95302,92634,27949,13630,14319,15848,7687,8161
Mid,2024,202407,000,State of Texas,31,31 yrs,437130,219561,217569,147312,74927,72385,57043,27377,29666,187880,95343,92537,29070,14183,14887,15825,7731,8094
Mid,2024,202407,000,State of Texas,32,32 yrs,446029,223725,222304,154053,78371,75682,58210,27796,30414,188539,95713,92826,29485,14113,15372,15742,7732,8010
Mid,2024,202407,000,State of Texas,33,33 yrs,443239,221632,221607,156515,79470,77045,57862,27495,30367,183010,92782,90228,29747,14110,15637,16105,7775,8330
Mid,2024,202407,000,State of Texas,34,34 yrs,476949,239439,237510,169030,85952,83078,62522,29723,32799,196793,100544,96249,31846,15118,16728,16758,8102,8656
Mid,2024,202407,000,State of Texas,35,35 yrs,428613,212721,215892,156161,79205,76956,55828,26341,29487,170149,85338,84811,30749,14289,16460,15726,7548,8178
Mid,2024,202407,000,State of Texas,36,36 yrs,434886,216573,218313,158646,80362,78284,55619,26050,29569,174462,88424,86038,30729,14320,16409,15430,7417,8013
Mid,2024,202407,000,State of Texas,37,37 yrs,427860,212605,215255,157574,79628,77946,53724,25529,28195,170956,85905,85051,30185,14262,15923,15421,7281,8140
Mid,2024,202407,000,State of Texas,38,38 yrs,429125,213193,215932,159556,80707,78849,53812,25344,28468,169644,85245,84399,31142,14701,16441,14971,7196,7775
Mid,2024,202407,000,State of Texas,39,39 yrs,453687,226956,226731,167652,85449,82203,56235,26890,29345,181769,91753,90016,32642,15576,17066,15389,7288,8101
Mid,2024,202407,000,State of Texas,40,40 yrs,418126,206984,211142,155455,78742,76713,51820,24381,27439,164687,82094,82593,31426,14815,16611,14738,6952,7786
Mid,2024,202407,000,State of Texas,41,41 yrs,422205,208854,213351,157575,80068,77507,52574,24899,27675,166014,82065,83949,31040,14673,16367,15002,7149,7853
Mid,2024,202407,000,State of Texas,42,42 yrs,420051,207345,212706,156404,79277,77127,51526,24274,27252,167191,82794,84397,30361,14194,16167,14569,6806,7763
Mid,2024,202407,000,State of Texas,43,43 yrs,414425,203985,210440,154434,78406,76028,52131,24406,27725,163489,80344,83145,29446,13810,15636,14925,7019,7906
Mid,2024,202407,000,State of Texas,44,44 yrs,441500,219247,222253,161037,81750,79287,55865,26484,29381,179373,89768,89605,30480,14255,16225,14745,6990,7755
Mid,2024,202407,000,State of Texas,45,45 yrs,383003,188517,194486,142335,72316,70019,48746,22998,25748,150330,73621,76709,27826,13092,14734,13766,6490,7276
Mid,2024,202407,000,State of Texas,46,46 yrs,384934,188558,196376,142717,71954,70763,47177,22302,24875,154705,75297,79408,26815,12748,14067,13520,6257,7263
Mid,2024,202407,000,State of Texas,47,47 yrs,376028,184680,191348,138452,69949,68503,45851,21838,24013,151660,73836,77824,26946,12843,14103,13119,6214,6905
Mid,2024,202407,000,State of Texas,48,48 yrs,370033,181787,188246,136026,69125,66901,44849,21026,23823,149056,72554,76502,27522,13234,14288,12580,5848,6732
Mid,2024,202407,000,State of Texas,49,49 yrs,392826,194854,197972,144944,73505,71439,46607,22516,24091,159848,78908,80940,28458,13820,14638,12969,6105,6864
Mid,2024,202407,000,State of Texas,50,50 yrs,360825,177110,183715,135364,68376,66988,44099,20975,23124,143110,69404,73706,26465,12781,13684,11787,5574,6213
Mid,2024,202407,000,State of Texas,51,51 yrs,366504,179646,186858,139545,70429,69116,45385,21489,23896,142543,69113,73430,26524,12768,13756,12507,5847,6660
Mid,2024,202407,000,State of Texas,52,52 yrs,377050,184661,192389,150401,75853,74548,45772,21679,24093,142315,68655,73660,26049,12499,13550,12513,5975,6538
Mid,2024,202407,000,State of Texas,53,53 yrs,386899,189638,197261,161683,81430,80253,47486,22506,24980,139600,67400,72200,25083,12140,12943,13047,6162,6885
Mid,2024,202407,000,State of Texas,54,54 yrs,397062,196097,200965,165743,83535,82208,47423,22480,24943,145941,71857,74084,25144,12108,13036,12811,6117,6694
Mid,2024,202407,000,State of Texas,55,55 yrs,351649,172411,179238,149700,75090,74610,41837,19788,22049,125947,61275,64672,22633,10839,11794,11532,5419,6113
Mid,2024,202407,000,State of Texas,56,56 yrs,342681,168125,174556,144653,72761,71892,41649,19848,21801,124502,60388,64114,20865,10026,10839,11012,5102,5910
Mid,2024,202407,000,State of Texas,57,57 yrs,336293,164656,171637,144852,72359,72493,41453,19467,21986,119751,58547,61204,19343,9275,10068,10894,5008,5886
Mid,2024,202407,000,State of Texas,58,58 yrs,340988,167176,173812,148036,73852,74184,42494,19965,22529,119944,58847,61097,19584,9471,10113,10930,5041,5889
Mid,2024,202407,000,State of Texas,59,59 yrs,364832,178658,186174,165670,82494,83176,44681,20849,23832,123279,60455,62824,19583,9448,10135,11619,5412,6207
Mid,2024,202407,000,State of Texas,60,60 yrs,354323,172532,181791,167455,82860,84595,42320,19550,22770,113670,55521,58149,19104,9163,9941,11774,5438,6336
Mid,2024,202407,000,State of Texas,61,61 yrs,352406,171040,181366,170730,84381,86349,41957,19412,22545,109633,53066,56567,18232,8703,9529,11854,5478,6376
Mid,2024,202407,000,State of Texas,62,62 yrs,347757,168722,179035,172950,85229,87721,41009,19011,21998,105568,51270,54298,16616,7933,8683,11614,5279,6335
Mid,2024,202407,000,State of Texas,63,63 yrs,345494,166860,178634,174064,85727,88337,41153,18951,22202,102377,49328,53049,16652,7808,8844,11248,5046,6202
Mid,2024,202407,000,State of Texas,64,64 yrs,352047,170285,181762,179623,88339,91284,41098,18927,22171,103554,50126,53428,16809,7768,9041,10963,5125,5838
Mid,2024,202407,000,State of Texas,65,65 yrs,324359,155944,168415,169320,83100,86220,38076,17455,20621,91108,43671,47437,15490,6997,8493,10365,4721,5644
Mid,2024,202407,000,State of Texas,66,66 yrs,322413,154023,168390,170882,83296,87586,36935,16832,20103,89363,42403,46960,14954,6732,8222,10279,4760,5519
Mid,2024,202407,000,State of Texas,67,67 yrs,307920,145396,162524,164355,79111,85244,34993,15733,19260,84244,39748,44496,14447,6391,8056,9881,4413,5468
Mid,2024,202407,000,State of Texas,68,68 yrs,295436,139532,155904,159203,76563,82640,33181,15001,18180,79936,37621,42315,13911,6170,7741,9205,4177,5028
Mid,2024,202407,000,State of Texas,69,69 yrs,294615,138619,155996,161097,77373,83724,32420,14391,18029,78511,36770,41741,13618,6016,7602,8969,4069,4900
Mid,2024,202407,000,State of Texas,70,70 yrs,267564,124030,143534,149730,70759,78971,28319,12420,15899,69213,31860,37353,12235,5424,6811,8067,3567,4500
Mid,2024,202407,000,State of Texas,71,71 yrs,258438,119814,138624,145924,69209,76715,26857,11700,15157,65936,30253,35683,12179,5327,6852,7542,3325,4217
Mid,2024,202407,000,State of Texas,72,72 yrs,242394,111960,130434,139130,65809,73321,24739,10499,14240,60971,27877,33094,10716,4605,6111,6838,3170,3668
Mid,2024,202407,000,State of Texas,73,73 yrs,227447,103937,123510,128571,60269,68302,23676,9860,13816,58205,26457,31748,10710,4538,6172,6285,2813,3472
Mid,2024,202407,000,State of Texas,74,74 yrs,225198,102574,122624,129452,60597,68855,22160,9302,12858,56658,25502,31156,10808,4600,6208,6120,2573,3547
Mid,2024,202407,000,State of Texas,75,75 yrs,205922,93496,112426,121747,56596,65151,19702,8255,11447,49804,22265,27539,9110,3948,5162,5559,2432,3127
Mid,2024,202407,000,State of Texas,76,76 yrs,204609,93332,111277,124986,58363,66623,18027,7540,10487,47647,21376,26271,8475,3599,4876,5474,2454,3020
Mid,2024,202407,000,State of Texas,77,77 yrs,193480,87609,105871,121562,56500,65062,15798,6550,9248,43551,19155,24396,7538,3256,4282,5031,2148,2883
Mid,2024,202407,000,State of Texas,78,78 yrs,146586,65800,80786,86666,40162,46504,12745,5104,7641,37037,16102,20935,6449,2843,3606,3689,1589,2100
Mid,2024,202407,000,State of Texas,79,79 yrs,143714,63763,79951,87307,39668,47639,11959,4716,7243,34770,15092,19678,6108,2743,3365,3570,1544,2026
Mid,2024,202407,000,State of Texas,80,80 yrs,134131,58789,75342,84313,38052,46261,10653,4151,6502,30767,12992,17775,5061,2221,2840,3337,1373,1964
Mid,2024,202407,000,State of Texas,81,81 yrs,122542,53629,68913,78310,35142,43168,9711,3858,5853,26901,11245,15656,4628,2089,2539,2992,1295,1697
Mid,2024,202407,000,State of Texas,82,82 yrs,105953,45832,60121,66850,29742,37108,8363,3232,5131,24183,10018,14165,4083,1810,2273,2474,1030,1444
Mid,2024,202407,000,State of Texas,83,83 yrs,94243,40119,54124,59291,25929,33362,7483,2771,4712,21813,8964,12849,3509,1532,1977,2147,923,1224
Mid,2024,202407,000,State of Texas,84,84 yrs,84916,35481,49435,52766,22536,30230,6719,2417,4302,20350,8396,11954,3287,1435,1852,1794,697,1097
Mid,2024,202407,000,State of Texas,85,85 yrs,73480,30308,43172,46522,19699,26823,5543,2036,3507,17057,6809,10248,2705,1163,1542,1653,601,1052
Mid,2024,202407,000,State of Texas,86,86 yrs,66114,26856,39258,41849,17409,24440,4941,1760,3181,15573,6105,9468,2331,1009,1322,1420,573,847
Mid,2024,202407,000,State of Texas,87,87 yrs,56917,22669,34248,35717,14664,21053,4339,1504,2835,13723,5196,8527,1912,822,1090,1226,483,743
Mid,2024,202407,000,State of Texas,88,88 yrs,50608,19636,30972,32243,12892,19351,3765,1272,2493,11888,4412,7476,1675,675,1000,1037,385,652
Mid,2024,202407,000,State of Texas,89,89 yrs,45003,17222,27781,28628,11190,17438,3382,1093,2289,10726,4004,6722,1355,583,772,912,352,560
Mid,2024,202407,000,State of Texas,90,90 yrs,36383,13649,22734,23210,8886,14324,2746,874,1872,8658,3212,5446,1088,431,657,681,246,435
Mid,2024,202407,000,State of Texas,91,91 yrs,31071,11419,19652,20116,7572,12544,2390,755,1635,7011,2522,4489,938,353,585,616,217,399
Mid,2024,202407,000,State of Texas,92,92 yrs,26176,9498,16678,17032,6284,10748,1833,551,1282,6007,2178,3829,733,278,455,571,207,364
Mid,2024,202407,000,State of Texas,93,93 yrs,21977,7746,14231,14288,5179,9109,1563,458,1105,5103,1746,3357,605,216,389,418,147,271
Mid,2024,202407,000,State of Texas,94,94 yrs,17980,6054,11926,11670,3993,7677,1353,365,988,4168,1420,2748,485,180,305,304,96,208
Mid,2024,202407,000,State of Texas,95,95+ yrs,49353,14851,34502,32452,9768,22684,3849,955,2894,10908,3420,7488,1275,423,852,869,285,584
Mid,2025,202507,000,State of Texas,-1,All Ages,31669507,15640864,16028643,11957053,5935655,6021398,3789224,1815786,1973438,12838063,6396592,6441471,1843176,889053,954123,1241991,603778,638213
Mid,2025,202507,000,State of Texas,0,< 1 yr,394660,201276,193384,108967,55573,53394,47247,24096,23151,198516,101243,97273,14434,7361,7073,25496,13003,12493
Mid,2025,202507,000,State of Texas,1,1 yr,393765,200698,193067,109622,55896,53726,47196,24049,23147,197654,100715,96939,14756,7529,7227,24537,12509,12028
Mid,2025,202507,000,State of Texas,2,2 yrs,393899,200740,193159,110594,56400,54194,47323,24105,23218,197165,100432,96733,15139,7732,7407,23678,12071,11607
Mid,2025,202507,000,State of Texas,3,3 yrs,393228,200354,192874,111510,56875,54635,47359,24123,23236,196156,99852,96304,15393,7873,7520,22810,11631,11179
Mid,2025,202507,000,State of Texas,4,4 yrs,392542,200005,192537,112310,57295,55015,47322,24101,23221,195285,99392,95893,15691,8030,7661,21934,11187,10747
Mid,2025,202507,000,State of Texas,5,5 yrs,362839,184719,178120,103399,52902,50497,43965,22213,21752,174892,88783,86109,19662,10155,9507,20921,10666,10255
Mid,2025,202507,000,State of Texas,6,6 yrs,369820,187951,181869,107402,55001,52401,45414,22902,22512,176753,89499,87254,19931,10206,9725,20320,10343,9977
Mid,2025,202507,000,State of Texas,7,7 yrs,384422,195347,189075,110585,56547,54038,47482,24158,23324,183860,93132,90728,21280,10725,10555,21215,10785,10430
Mid,2025,202507,000,State of Texas,8,8 yrs,401006,204349,196657,116429,59575,56854,48536,24739,23797,192005,97439,94566,22484,11476,11008,21552,11120,10432
Mid,2025,202507,000,State of Texas,9,9 yrs,417129,212276,204853,121947,62386,59561,50227,25265,24962,200051,101795,98256,22854,11652,11202,22050,11178,10872
Mid,2025,202507,000,State of Texas,10,10 yrs,426472,217810,208662,123224,63339,59885,51417,26070,25347,205630,104942,100688,23750,12141,11609,22451,11318,11133
Mid,2025,202507,000,State of Texas,11,11 yrs,423546,216232,207314,123303,63321,59982,50881,25994,24887,204533,104101,100432,23209,11837,11372,21620,10979,10641
Mid,2025,202507,000,State of Texas,12,12 yrs,423686,215745,207941,123359,62826,60533,50550,25621,24929,203965,103854,100111,24217,12636,11581,21595,10808,10787
Mid,2025,202507,000,State of Texas,13,13 yrs,424462,216564,207898,122624,62423,60201,50968,25983,24985,206204,105456,100748,23422,11904,11518,21244,10798,10446
Mid,2025,202507,000,State of Texas,14,14 yrs,429229,219580,209649,124493,63946,60547,51699,26386,25313,208861,106885,101976,23095,11644,11451,21081,10719,10362
Mid,2025,202507,000,State of Texas,15,15 yrs,452670,231017,221653,128666,66136,62530,54620,27544,27076,223784,114145,109639,23351,11802,11549,22249,11390,10859
Mid,2025,202507,000,State of Texas,16,16 yrs,453292,231868,221424,129037,66216,62821,54726,27959,26767,224611,114816,109795,23137,11807,11330,21781,11070,10711
Mid,2025,202507,000,State of Texas,17,17 yrs,466763,238159,228604,132143,67602,64541,56086,28552,27534,232294,118610,113684,24038,12178,11860,22202,11217,10985
Mid,2025,202507,000,State of Texas,18,18 yrs,463802,236580,227222,132288,67763,64525,56222,28686,27536,230254,117207,113047,23181,11729,11452,21857,11195,10662
Mid,2025,202507,000,State of Texas,19,19 yrs,457009,233680,223329,131654,67711,63943,54829,27733,27096,225804,115726,110078,23469,11720,11749,21253,10790,10463
Mid,2025,202507,000,State of Texas,20,20 yrs,463078,237227,225851,133763,68740,65023,55560,28213,27347,228355,117611,110744,24324,12107,12217,21076,10556,10520
Mid,2025,202507,000,State of Texas,21,21 yrs,461685,235944,225741,135440,69376,66064,55382,28109,27273,225514,115672,109842,24583,12302,12281,20766,10485,10281
Mid,2025,202507,000,State of Texas,22,22 yrs,456950,233301,223649,134870,69195,65675,55083,27902,27181,222569,114040,108529,24683,12181,12502,19745,9983,9762
Mid,2025,202507,000,State of Texas,23,23 yrs,464060,236815,227245,136846,70231,66615,59824,29814,30010,221003,113788,107215,26680,13161,13519,19707,9821,9886
Mid,2025,202507,000,State of Texas,24,24 yrs,470925,237749,233176,143444,72781,70663,60074,29561,30513,219031,111432,107599,28864,14303,14561,19512,9672,9840
Mid,2025,202507,000,State of Texas,25,25 yrs,469614,238686,230928,147556,75375,72181,60236,29605,30631,215234,110212,105022,28224,14095,14129,18364,9399,8965
Mid,2025,202507,000,State of Texas,26,26 yrs,449894,228451,221443,142969,72937,70032,57109,28179,28930,205018,104829,100189,27551,13859,13692,17247,8647,8600
Mid,2025,202507,000,State of Texas,27,27 yrs,438849,223280,215569,139869,71458,68411,55727,27473,28254,198236,101767,96469,28210,14198,14012,16807,8384,8423
Mid,2025,202507,000,State of Texas,28,28 yrs,433666,220393,213273,140758,71888,68870,54551,26687,27864,193958,99856,94102,28458,14028,14430,15941,7934,8007
Mid,2025,202507,000,State of Texas,29,29 yrs,435312,220056,215256,142600,72450,70150,54705,26705,28000,192681,98552,94129,28784,14195,14589,16542,8154,8388
Mid,2025,202507,000,State of Texas,30,30 yrs,452154,229176,222978,149331,76284,73047,57932,28026,29906,199643,102522,97121,29093,14284,14809,16155,8060,8095
Mid,2025,202507,000,State of Texas,31,31 yrs,437427,219721,217706,145766,74088,71678,56636,27345,29291,190140,96512,93628,28993,14069,14924,15892,7707,8185
Mid,2025,202507,000,State of Texas,32,32 yrs,442262,222057,220205,148449,75489,72960,57994,27774,30220,189879,96437,93442,30075,14608,15467,15865,7749,8116
Mid,2025,202507,000,State of Texas,33,33 yrs,450882,226055,224827,155179,78931,76248,59144,28181,30963,190329,96672,93657,30450,14522,15928,15780,7749,8031
Mid,2025,202507,000,State of Texas,34,34 yrs,447837,223816,224021,157636,80021,77615,58770,27862,30908,184623,93644,90979,30667,14499,16168,16141,7790,8351
Mid,2025,202507,000,State of Texas,35,35 yrs,481269,241440,239829,170104,86472,83632,63407,30068,33339,198255,101306,96949,32712,15476,17236,16791,8118,8673
Mid,2025,202507,000,State of Texas,36,36 yrs,431803,214402,217401,156580,79443,77137,56210,26515,29695,171568,86109,85459,31687,14774,16913,15758,7561,8197
Mid,2025,202507,000,State of Texas,37,37 yrs,437670,217998,219672,159017,80568,78449,55959,26201,29758,175641,89036,86605,31596,14766,16830,15457,7427,8030
Mid,2025,202507,000,State of Texas,38,38 yrs,430271,213801,216470,157908,79809,78099,54032,25663,28369,171916,86380,85536,30970,14659,16311,15445,7290,8155
Mid,2025,202507,000,State of Texas,39,39 yrs,431232,214187,217045,159852,80870,78982,54086,25461,28625,170449,85593,84856,31853,15060,16793,14992,7203,7789
Mid,2025,202507,000,State of Texas,40,40 yrs,455467,227739,227728,167900,85588,82312,56475,26986,29489,182398,91978,90420,33288,15895,17393,15406,7292,8114
Mid,2025,202507,000,State of Texas,41,41 yrs,419747,207671,212076,155689,78870,76819,52045,24473,27572,165240,82274,82966,32019,15098,16921,14754,6956,7798
Mid,2025,202507,000,State of Texas,42,42 yrs,423649,209447,214202,157770,80175,77595,52774,24977,27797,166477,82193,84284,31613,14950,16663,15015,7152,7863
Mid,2025,202507,000,State of Texas,43,43 yrs,421381,207906,213475,156570,79374,77196,51712,24349,27363,167616,82907,84709,30905,14469,16436,14578,6807,7771
Mid,2025,202507,000,State of Texas,44,44 yrs,415640,204503,211137,154571,78490,76081,52300,24473,27827,163877,80442,83435,29963,14081,15882,14929,7017,7912
Mid,2025,202507,000,State of Texas,45,45 yrs,442535,219663,222872,161114,81797,79317,56000,26535,29465,179696,89824,89872,30977,14520,16457,14748,6987,7761
Mid,2025,202507,000,State of Texas,46,46 yrs,384015,188945,195070,142419,72369,70050,48874,23044,25830,150658,73699,76959,28297,13346,14951,13767,6487,7280
Mid,2025,202507,000,State of Texas,47,47 yrs,385711,188868,196843,142745,71968,70777,47284,22339,24945,154922,75331,79591,27244,12979,14265,13516,6251,7265
Mid,2025,202507,000,State of Texas,48,48 yrs,376624,184900,191724,138435,69936,68499,45928,21856,24072,151822,73858,77964,27326,13043,14283,13113,6207,6906
Mid,2025,202507,000,State of Texas,49,49 yrs,370419,181884,188535,135954,69072,66882,44890,21027,23863,149154,72548,76606,27849,13398,14451,12572,5839,6733
Mid,2025,202507,000,State of Texas,50,50 yrs,392957,194807,198150,144803,73408,71395,46607,22488,24119,159857,78861,80996,28733,13955,14778,12957,6095,6862
Mid,2025,202507,000,State of Texas,51,51 yrs,360899,177030,183869,135201,68267,66934,44087,20941,23146,143118,69357,73761,26721,12903,13818,11772,5562,6210
Mid,2025,202507,000,State of Texas,52,52 yrs,366421,179468,186953,139315,70278,69037,45351,21441,23910,142505,69038,73467,26765,12880,13885,12485,5831,6654
Mid,2025,202507,000,State of Texas,53,53 yrs,376825,184386,192439,150093,75651,74442,45721,21620,24101,142233,68556,73677,26291,12604,13687,12487,5955,6532
Mid,2025,202507,000,State of Texas,54,54 yrs,386494,189245,197249,161276,81169,80107,47406,22428,24978,139475,67274,72201,25325,12237,13088,13012,6137,6875
Mid,2025,202507,000,State of Texas,55,55 yrs,396435,195549,200886,165239,83211,82028,47317,22384,24933,145715,71662,74053,25394,12204,13190,12770,6088,6682
Mid,2025,202507,000,State of Texas,56,56 yrs,351087,171898,179189,149201,74775,74426,41729,19690,22039,125767,61096,64671,22899,10946,11953,11491,5391,6100
Mid,2025,202507,000,State of Texas,57,57 yrs,341993,167520,174473,144102,72410,71692,41518,19735,21783,124281,60172,64109,21125,10131,10994,10967,5072,5895
Mid,2025,202507,000,State of Texas,58,58 yrs,335430,163949,171481,144219,71962,72257,41286,19334,21952,119486,58297,61189,19596,9381,10215,10843,4975,5868
Mid,2025,202507,000,State of Texas,59,59 yrs,339874,166317,173557,147289,73382,73907,42286,19811,22475,119591,58545,61046,19837,9576,10261,10871,5003,5868
Mid,2025,202507,000,State of Texas,60,60 yrs,363292,177555,185737,164702,81889,82813,44410,20659,23751,122806,60088,62718,19828,9554,10274,11546,5365,6181
Mid,2025,202507,000,State of Texas,61,61 yrs,352613,171335,181278,166366,82180,84186,42028,19354,22674,113178,55145,58033,19351,9271,10080,11690,5385,6305
Mid,2025,202507,000,State of Texas,62,62 yrs,350414,169673,180741,169484,83602,85882,41619,19180,22439,109066,52662,56404,18484,8810,9674,11761,5419,6342
Mid,2025,202507,000,State of Texas,63,63 yrs,345469,167196,178273,171542,84358,87184,40634,18758,21876,104929,50831,54098,16852,8033,8819,11512,5216,6296
Mid,2025,202507,000,State of Texas,64,64 yrs,342857,165133,177724,172486,84755,87731,40709,18658,22051,101673,48856,52817,16848,7883,8965,11141,4981,6160
Mid,2025,202507,000,State of Texas,65,65 yrs,348967,168287,180680,177816,87228,90588,40592,18598,21994,102744,49588,53156,16968,7820,9148,10847,5053,5794
Mid,2025,202507,000,State of Texas,66,66 yrs,320596,153571,167025,167159,81772,85387,37436,17062,20374,90210,43102,47108,15524,6976,8548,10267,4659,5608
Mid,2025,202507,000,State of Texas,67,67 yrs,318253,151429,166824,168508,81847,86661,36252,16419,19833,88386,41791,46595,14937,6681,8256,10170,4691,5479
Mid,2025,202507,000,State of Texas,68,68 yrs,303624,142763,160861,161903,77633,84270,34299,15318,18981,83239,39128,44111,14418,6341,8077,9765,4343,5422
Mid,2025,202507,000,State of Texas,69,69 yrs,291006,136821,154185,156647,75032,81615,32484,14581,17903,78924,36987,41937,13863,6115,7748,9088,4106,4982
Mid,2025,202507,000,State of Texas,70,70 yrs,289825,135725,154100,158310,75714,82596,31693,13963,17730,77447,36103,41344,13531,5951,7580,8844,3994,4850
Mid,2025,202507,000,State of Texas,71,71 yrs,262885,121238,141647,146935,69129,77806,27649,12029,15620,68218,31237,36981,12137,5347,6790,7946,3496,4450
Mid,2025,202507,000,State of Texas,72,72 yrs,253494,116896,136598,142966,67496,75470,26173,11307,14866,64900,29612,35288,12036,5227,6809,7419,3254,4165
Mid,2025,202507,000,State of Texas,73,73 yrs,237338,109019,128319,136051,64043,72008,24071,10127,13944,59917,27239,32678,10587,4516,6071,6712,3094,3618
Mid,2025,202507,000,State of Texas,74,74 yrs,222184,100946,121238,125435,58494,66941,22978,9481,13497,57075,25792,31283,10539,4439,6100,6157,2740,3417
Mid,2025,202507,000,State of Texas,75,75 yrs,219501,99388,120113,126000,58665,67335,21455,8925,12530,55456,24813,30643,10607,4484,6123,5983,2501,3482
Mid,2025,202507,000,State of Texas,76,76 yrs,200248,90348,109900,118195,54633,63562,19035,7898,11137,48669,21618,27051,8928,3842,5086,5421,2357,3064
Mid,2025,202507,000,State of Texas,77,77 yrs,198358,89871,108487,120956,56134,64822,17354,7180,10174,46442,20697,25745,8285,3491,4794,5321,2369,2952
Mid,2025,202507,000,State of Texas,78,78 yrs,186911,84032,102879,117204,54117,63087,15156,6215,8941,42344,18494,23850,7333,3140,4193,4874,2066,2808
Mid,2025,202507,000,State of Texas,79,79 yrs,141134,62877,78257,83228,38304,44924,12186,4824,7362,35911,15497,20414,6247,2729,3518,3562,1523,2039
Mid,2025,202507,000,State of Texas,80,80 yrs,137771,60648,77123,83476,37646,45830,11390,4436,6954,33594,14475,19119,5880,2619,3261,3431,1472,1959
Mid,2025,202507,000,State of Texas,81,81 yrs,127955,55608,72347,80200,35904,44296,10097,3882,6215,29616,12409,17207,4850,2111,2739,3192,1302,1890
Mid,2025,202507,000,State of Texas,82,82 yrs,116231,50407,65824,74048,32937,41111,9151,3587,5564,25781,10692,15089,4406,1971,2435,2845,1220,1625
Mid,2025,202507,000,State of Texas,83,83 yrs,99863,42763,57100,62776,27651,35125,7836,2985,4851,23050,9468,13582,3862,1695,2167,2339,964,1375
Mid,2025,202507,000,State of Texas,84,84 yrs,88224,37145,51079,55280,23909,31371,6968,2541,4427,20665,8416,12249,3297,1423,1874,2014,856,1158
Mid,2025,202507,000,State of Texas,85,85 yrs,78903,32580,46323,48813,20597,28216,6214,2200,4014,19139,7819,11320,3064,1322,1742,1673,642,1031
Mid,2025,202507,000,State of Texas,86,86 yrs,67706,27569,40137,42675,17837,24838,5084,1837,3247,15917,6286,9631,2501,1061,1440,1529,548,981
Mid,2025,202507,000,State of Texas,87,87 yrs,60404,24207,36197,38058,15618,22440,4496,1574,2922,14411,5584,8827,2138,913,1225,1301,518,783
Mid,2025,202507,000,State of Texas,88,88 yrs,51503,20221,31282,32164,13018,19146,3910,1331,2579,12579,4704,7875,1737,736,1001,1113,432,681
Mid,2025,202507,000,State of Texas,89,89 yrs,45312,17323,27989,28730,11319,17411,3361,1115,2246,10783,3950,6833,1506,598,908,932,341,591
Mid,2025,202507,000,State of Texas,90,90 yrs,39834,15016,24818,25217,9709,15508,2986,947,2039,9615,3541,6074,1205,511,694,811,308,503
Mid,2025,202507,000,State of Texas,91,91 yrs,31802,11749,20053,20189,7611,12578,2396,748,1648,7662,2804,4858,957,373,584,598,213,385
Mid,2025,202507,000,State of Texas,92,92 yrs,26791,9696,17095,17263,6399,10864,2060,639,1421,6119,2170,3949,814,302,512,535,186,349
Mid,2025,202507,000,State of Texas,93,93 yrs,22239,7948,14291,14404,5234,9170,1559,461,1098,5161,1845,3316,627,234,393,488,174,314
Mid,2025,202507,000,State of Texas,94,94 yrs,18379,6381,11998,11895,4248,7647,1309,377,932,4313,1455,2858,510,179,331,352,122,230
Mid,2025,202507,000,State of Texas,95,95+ yrs,52937,16300,36637,34574,10702,23872,4114,1036,3078,11917,3788,8129,1402,476,926,930,298,632
Mid,2026,202607,000,State of Texas,-1,All Ages,32046803,15827108,16219695,11973735,5943545,6030190,3843041,1840794,2002247,13071923,6515076,6556847,1892789,912233,980556,1265315,615460,649855
Mid,2026,202607,000,State of Texas,0,< 1 yr,397803,202879,194924,108299,55232,53067,47528,24239,23289,200855,102436,98419,14707,7501,7206,26414,13471,12943
Mid,2026,202607,000,State of Texas,1,1 yr,397216,202466,194750,109033,55598,53435,47541,24225,23316,200146,101990,98156,15036,7672,7364,25460,12981,12479
Mid,2026,202607,000,State of Texas,2,2 yrs,397248,202443,194805,110016,56106,53910,47664,24279,23385,199559,101650,97909,15419,7873,7546,24590,12535,12055
Mid,2026,202607,000,State of Texas,3,3 yrs,397274,202457,194817,111015,56623,54392,47811,24345,23466,198908,101315,97593,15801,8071,7730,23739,12103,11636
Mid,2026,202607,000,State of Texas,4,4 yrs,396219,201871,194348,111892,57079,54813,47832,24360,23472,197654,100599,97055,15978,8174,7804,22863,11659,11204
Mid,2026,202607,000,State of Texas,5,5 yrs,395538,201528,194010,112683,57492,55191,47778,24332,23446,196834,100171,96663,16255,8317,7938,21988,11216,10772
Mid,2026,202607,000,State of Texas,6,6 yrs,365911,186297,179614,103791,53110,50681,44423,22445,21978,176514,89620,86894,20205,10427,9778,20978,10695,10283
Mid,2026,202607,000,State of Texas,7,7 yrs,372919,189560,183359,107785,55205,52580,45869,23132,22737,178436,90386,88050,20450,10463,9987,20379,10374,10005
Mid,2026,202607,000,State of Texas,8,8 yrs,387544,196980,190564,110965,56747,54218,47938,24388,23550,185578,94051,91527,21788,10978,10810,21275,10816,10459
Mid,2026,202607,000,State of Texas,9,9 yrs,404163,206009,198154,116806,59771,57035,48990,24968,24022,193761,98389,95372,22992,11730,11262,21614,11151,10463
Mid,2026,202607,000,State of Texas,10,10 yrs,420329,213942,206387,122321,62578,59743,50683,25493,25190,201863,102762,99101,23349,11898,11451,22113,11211,10902
Mid,2026,202607,000,State of Texas,11,11 yrs,429623,219454,210169,123595,63528,60067,51872,26297,25575,207405,105892,101513,24239,12388,11851,22512,11349,11163
Mid,2026,202607,000,State of Texas,12,12 yrs,426665,217850,208815,123674,63509,60165,51331,26215,25116,206300,105041,101259,23680,12075,11605,21680,11010,10670
Mid,2026,202607,000,State of Texas,13,13 yrs,426765,217355,209410,123730,63013,60717,51001,25843,25158,205710,104795,100915,24671,12867,11804,21653,10837,10816
Mid,2026,202607,000,State of Texas,14,14 yrs,427548,218163,209385,123000,62608,60392,51422,26206,25216,207964,106396,101568,23860,12126,11734,21302,10827,10475
Mid,2026,202607,000,State of Texas,15,15 yrs,432424,221232,211192,124900,64143,60757,52163,26612,25551,210672,107859,102813,23553,11872,11681,21136,10746,10390
Mid,2026,202607,000,State of Texas,16,16 yrs,456060,232758,223302,129124,66352,62772,55120,27783,27337,225651,115161,110490,23860,12045,11815,22305,11417,10888
Mid,2026,202607,000,State of Texas,17,17 yrs,457003,233759,223244,129563,66459,63104,55270,28215,27055,226588,115895,110693,23745,12093,11652,21837,11097,10740
Mid,2026,202607,000,State of Texas,18,18 yrs,470886,240253,230633,132745,67878,64867,56686,28834,27852,234392,119765,114627,24796,12529,12267,22267,11247,11020
Mid,2026,202607,000,State of Texas,19,19 yrs,468475,238906,229569,133356,68290,65066,57111,29066,28045,232137,118257,113880,23978,12081,11897,21893,11212,10681
Mid,2026,202607,000,State of Texas,20,20 yrs,461845,236082,225763,132742,68244,64498,55717,28109,27608,227725,116796,110929,24377,12130,12247,21284,10803,10481
Mid,2026,202607,000,State of Texas,21,21 yrs,467998,239649,228349,134883,69286,65597,56432,28578,27854,230283,118660,111623,25293,12556,12737,21107,10569,10538
Mid,2026,202607,000,State of Texas,22,22 yrs,466702,238405,228297,136582,69938,66644,56259,28480,27779,227469,116712,110757,25598,12779,12819,20794,10496,10298
Mid,2026,202607,000,State of Texas,23,23 yrs,462021,235757,226264,135982,69751,66231,55954,28265,27689,224542,115061,109481,25767,12683,13084,19776,9997,9779
Mid,2026,202607,000,State of Texas,24,24 yrs,469323,239319,230004,137988,70795,67193,60739,30185,30554,223018,114815,108203,27831,13685,14146,19747,9839,9908
Mid,2026,202607,000,State of Texas,25,25 yrs,476511,240365,236146,144660,73375,71285,61053,29952,31101,221181,112529,108652,30064,14820,15244,19553,9689,9864
Mid,2026,202607,000,State of Texas,26,26 yrs,475404,241427,233977,148784,75982,72802,61239,30005,31234,217527,111417,106110,29450,14608,14842,18404,9415,8989
Mid,2026,202607,000,State of Texas,27,27 yrs,455734,231205,224529,144181,73530,70651,58093,28575,29518,207390,106092,101298,28777,14340,14437,17293,8668,8625
Mid,2026,202607,000,State of Texas,28,28 yrs,444641,226018,218623,141070,72053,69017,56691,27859,28832,200599,103035,97564,29430,14667,14763,16851,8404,8447
Mid,2026,202607,000,State of Texas,29,29 yrs,439374,223104,216270,141937,72470,69467,55516,27080,28436,196305,101114,95191,29635,14488,15147,15981,7952,8029
Mid,2026,202607,000,State of Texas,30,30 yrs,440888,222741,218147,143775,73035,70740,55652,27093,28559,194971,99793,95178,29906,14646,15260,16584,8174,8410
Mid,2026,202607,000,State of Texas,31,31 yrs,457550,231811,225739,150476,76853,73623,58879,28414,30465,201846,103737,98109,30149,14726,15423,16200,8081,8119
Mid,2026,202607,000,State of Texas,32,32 yrs,442617,222266,220351,146907,74658,72249,57588,27744,29844,192178,97633,94545,30011,14505,15506,15933,7726,8207
Mid,2026,202607,000,State of Texas,33,33 yrs,447135,224417,222718,149562,76044,73518,58929,28166,30763,191686,97414,94272,31056,15027,16029,15902,7766,8136
Mid,2026,202607,000,State of Texas,34,34 yrs,455530,228262,227268,156284,79475,76809,60074,28563,31511,191975,97545,94430,31381,14916,16465,15816,7763,8053
Mid,2026,202607,000,State of Texas,35,35 yrs,452236,225891,226345,158733,80563,78170,59684,28228,31456,186096,94427,91669,31546,14866,16680,16177,7807,8370
Mid,2026,202607,000,State of Texas,36,36 yrs,484482,243119,241363,170512,86698,83814,63803,30248,33555,199681,102073,97608,33667,15971,17696,16819,8129,8690
Mid,2026,202607,000,State of Texas,37,37 yrs,434667,215884,218783,156970,79665,77305,56566,26675,29891,172771,86739,86032,32574,15233,17341,15786,7572,8214
Mid,2026,202607,000,State of Texas,38,38 yrs,440163,219244,220919,159358,80757,78601,56280,26343,29937,176639,89529,87110,32402,15178,17224,15484,7437,8047
Mid,2026,202607,000,State of Texas,39,39 yrs,432442,214832,217610,158211,79976,78235,54325,25791,28534,172752,86751,86001,31688,15017,16671,15466,7297,8169
Mid,2026,202607,000,State of Texas,40,40 yrs,433108,215026,218082,160118,81013,79105,54343,25568,28775,171124,85850,85274,32512,15386,17126,15011,7209,7802
Mid,2026,202607,000,State of Texas,41,41 yrs,457109,228446,228663,168128,85717,82411,56707,27079,29628,182954,92161,90793,33898,16193,17705,15422,7296,8126
Mid,2026,202607,000,State of Texas,42,42 yrs,421232,208280,212952,155895,78987,76908,52255,24559,27696,165720,82398,83322,32594,15376,17218,14768,6960,7808
Mid,2026,202607,000,State of Texas,43,43 yrs,425008,210019,214989,157940,80277,77663,52967,25055,27912,166913,82307,84606,32163,15226,16937,15025,7154,7871
Mid,2026,202607,000,State of Texas,44,44 yrs,422633,208439,214194,156714,79457,77257,51891,24423,27468,168008,83004,85004,31435,14748,16687,14585,6807,7778
Mid,2026,202607,000,State of Texas,45,45 yrs,416768,204986,211782,154679,78559,76120,52450,24536,27914,164239,80524,83715,30467,14352,16115,14933,7015,7918
Mid,2026,202607,000,State of Texas,46,46 yrs,443442,220024,223418,161159,81826,79333,56121,26577,29544,179964,89862,90102,31450,14777,16673,14748,6982,7766
Mid,2026,202607,000,State of Texas,47,47 yrs,384841,189285,195556,142460,72392,70068,48986,23085,25901,150897,73747,77150,28734,13579,15155,13764,6482,7282
Mid,2026,202607,000,State of Texas,48,48 yrs,386326,189100,197226,142734,71959,70775,47366,22360,25006,155086,75353,79733,27631,13185,14446,13509,6243,7266
Mid,2026,202607,000,State of Texas,49,49 yrs,377038,185022,192016,138371,69892,68479,45978,21858,24120,151925,73862,78063,27661,13213,14448,13103,6197,6906
Mid,2026,202607,000,State of Texas,50,50 yrs,370634,181895,188739,135840,68994,66846,44905,21011,23894,149197,72525,76672,28132,13536,14596,12560,5829,6731
Mid,2026,202607,000,State of Texas,51,51 yrs,392962,194680,198282,144614,73285,71329,46588,22448,24140,159837,78794,81043,28983,14072,14911,12940,6081,6859
Mid,2026,202607,000,State of Texas,52,52 yrs,360870,176882,183988,134997,68130,66867,44062,20898,23164,143091,69291,73800,26966,13015,13951,11754,5548,6206
Mid,2026,202607,000,State of Texas,53,53 yrs,366239,179220,187019,139045,70101,68944,45303,21383,23920,142423,68937,73486,27008,12986,14022,12460,5813,6647
Mid,2026,202607,000,State of Texas,54,54 yrs,376482,184023,192459,149734,75416,74318,45654,21548,24106,142097,68423,73674,26540,12703,13837,12457,5933,6524
Mid,2026,202607,000,State of Texas,55,55 yrs,385969,188768,197201,160813,80871,79942,47308,22337,24971,139297,67115,72182,25579,12336,13243,12972,6109,6863
Mid,2026,202607,000,State of Texas,56,56 yrs,395683,194911,200772,164671,82848,81823,47184,22268,24916,145451,71432,74019,25654,12307,13347,12723,6056,6667
Mid,2026,202607,000,State of Texas,57,57 yrs,350389,171295,179094,148633,74419,74214,41602,19581,22021,125552,60885,64667,23157,11050,12107,11445,5360,6085
Mid,2026,202607,000,State of Texas,58,58 yrs,341141,166822,174319,143475,72014,71461,41366,19609,21757,124003,59922,64081,21379,10237,11142,10918,5040,5878
Mid,2026,202607,000,State of Texas,59,59 yrs,334382,163142,171240,143511,71519,71992,41094,19189,21905,119144,58007,61137,19848,9489,10359,10785,4938,5847
Mid,2026,202607,000,State of Texas,60,60 yrs,338567,165352,173215,146464,72863,73601,42050,19641,22409,119158,58203,60955,20088,9683,10405,10807,4962,5845
Mid,2026,202607,000,State of Texas,61,61 yrs,361527,176324,185203,163636,81221,82415,44106,20448,23658,122243,59680,62563,20076,9661,10415,11466,5314,6152
Mid,2026,202607,000,State of Texas,62,62 yrs,350663,170006,180657,165181,81438,83743,41696,19133,22563,112597,54732,57865,19589,9375,10214,11600,5328,6272
Mid,2026,202607,000,State of Texas,63,63 yrs,348152,168157,179995,168120,82755,85365,41242,18924,22318,108417,52217,56200,18712,8904,9808,11661,5357,6304
Mid,2026,202607,000,State of Texas,64,64 yrs,342911,165516,177395,170013,83419,86594,40216,18481,21735,104225,50354,53871,17055,8113,8942,11402,5149,6253
Mid,2026,202607,000,State of Texas,65,65 yrs,339936,163241,176695,170781,83709,87072,40225,18342,21883,100900,48342,52558,17004,7935,9069,11026,4913,6113
Mid,2026,202607,000,State of Texas,66,66 yrs,344932,165732,179200,175565,85840,89725,39913,18181,21732,101737,48948,52789,16974,7777,9197,10743,4986,5757
Mid,2026,202607,000,State of Texas,67,67 yrs,316516,151032,165484,164850,80363,84487,36761,16650,20111,89236,42492,46744,15509,6934,8575,10160,4593,5567
Mid,2026,202607,000,State of Texas,68,68 yrs,313818,148699,165119,166010,80333,85677,35541,15992,19549,87338,41143,46195,14879,6615,8264,10050,4616,5434
Mid,2026,202607,000,State of Texas,69,69 yrs,299089,140010,159079,159324,76093,83231,33582,14894,18688,82192,38477,43715,14350,6277,8073,9641,4269,5372
Mid,2026,202607,000,State of Texas,70,70 yrs,286319,133982,152337,153960,73438,80522,31764,14153,17611,77861,36321,41540,13771,6040,7731,8963,4030,4933
Mid,2026,202607,000,State of Texas,71,71 yrs,284748,132689,152059,155375,73985,81390,30943,13526,17417,76316,35399,40917,13405,5865,7540,8709,3914,4795
Mid,2026,202607,000,State of Texas,72,72 yrs,257906,118308,139598,143984,67426,76558,26955,11630,15325,67151,30581,36570,12001,5251,6750,7815,3420,4395
Mid,2026,202607,000,State of Texas,73,73 yrs,248208,113829,134379,139822,65694,74128,25461,10905,14556,63777,28937,34840,11863,5115,6748,7285,3178,4107
Mid,2026,202607,000,State of Texas,74,74 yrs,231883,105905,125978,132750,62174,70576,23373,9746,13627,58763,26561,32202,10422,4411,6011,6575,3013,3562
Mid,2026,202607,000,State of Texas,75,75 yrs,216597,97828,118769,122114,56641,65473,22256,9097,13159,55871,25100,30771,10336,4326,6010,6020,2664,3356
Mid,2026,202607,000,State of Texas,76,76 yrs,213474,96063,117411,122346,56643,65703,20729,8541,12188,54183,24097,30086,10379,4357,6022,5837,2425,3412
Mid,2026,202607,000,State of Texas,77,77 yrs,194189,87022,107167,114414,52559,61855,18338,7530,10808,47451,20937,26514,8712,3719,4993,5274,2277,2997
Mid,2026,202607,000,State of Texas,78,78 yrs,191664,86224,105440,116648,53781,62867,16654,6813,9841,45148,19985,25163,8060,3367,4693,5154,2278,2876
Mid,2026,202607,000,State of Texas,79,79 yrs,179928,80302,99626,112585,51629,60956,14489,5874,8615,41051,17804,23247,7098,3016,4082,4705,1979,2726
Mid,2026,202607,000,State of Texas,80,80 yrs,135353,59830,75523,79595,36364,43231,11606,4539,7067,34707,14867,19840,6020,2607,3413,3425,1453,1972
Mid,2026,202607,000,State of Texas,81,81 yrs,131466,57398,74068,79428,35536,43892,10797,4150,6647,32327,13828,18499,5631,2487,3144,3283,1397,1886
Mid,2026,202607,000,State of Texas,82,82 yrs,121415,52294,69121,75861,33664,42197,9520,3611,5909,28377,11799,16578,4621,1993,2628,3036,1227,1809
Mid,2026,202607,000,State of Texas,83,83 yrs,109570,47043,62527,69562,30635,38927,8576,3314,5262,24577,10108,14469,4167,1845,2322,2688,1141,1547
Mid,2026,202607,000,State of Texas,84,84 yrs,93520,39611,53909,58554,25511,33043,7298,2739,4559,21842,8891,12951,3629,1575,2054,2197,895,1302
Mid,2026,202607,000,State of Texas,85,85 yrs,81996,34116,47880,51156,21862,29294,6446,2314,4132,19442,7841,11601,3075,1311,1764,1877,788,1089
Mid,2026,202607,000,State of Texas,86,86 yrs,72745,29660,43085,44799,18660,26139,5704,1986,3718,17860,7220,10640,2833,1207,1626,1549,587,962
Mid,2026,202607,000,State of Texas,87,87 yrs,61885,24862,37023,38829,16011,22818,4627,1643,2984,14732,5752,8980,2294,960,1334,1403,496,907
Mid,2026,202607,000,State of Texas,88,88 yrs,54682,21607,33075,34290,13874,20416,4055,1394,2661,13213,5058,8155,1943,818,1125,1181,463,718
Mid,2026,202607,000,State of Texas,89,89 yrs,46143,17853,28290,28673,11437,17236,3492,1167,2325,11415,4214,7201,1562,652,910,1001,383,618
Mid,2026,202607,000,State of Texas,90,90 yrs,40130,15112,25018,25321,9827,15494,2969,967,2002,9672,3496,6176,1340,524,816,828,298,530
Mid,2026,202607,000,State of Texas,91,91 yrs,34841,12937,21904,21949,8323,13626,2608,812,1796,8514,3093,5421,1059,443,616,711,266,445
Mid,2026,202607,000,State of Texas,92,92 yrs,27441,9983,17458,17337,6436,10901,2066,633,1433,6688,2413,4275,831,319,512,519,182,337
Mid,2026,202607,000,State of Texas,93,93 yrs,22778,8118,14660,14609,5333,9276,1752,534,1218,5262,1840,3422,698,255,443,457,156,301
Mid,2026,202607,000,State of Texas,94,94 yrs,18611,6552,12059,12001,4296,7705,1308,380,928,4363,1538,2825,529,194,335,410,144,266
Mid,2026,202607,000,State of Texas,95,95+ yrs,56068,17686,38382,36408,11627,24781,4287,1108,3179,12834,4107,8727,1519,515,1004,1020,329,691
Mid,2027,202707,000,State of Texas,-1,All Ages,32423502,16013156,16410346,11987385,5949890,6037495,3896885,1865848,2031037,13307151,6634311,6672840,1942678,935567,1007111,1289403,627540,661863
Mid,2027,202707,000,State of Texas,0,< 1 yr,401224,204625,196599,107729,54942,52787,47833,24395,23438,203306,103686,99620,14998,7649,7349,27358,13953,13405
Mid,2027,202707,000,State of Texas,1,1 yr,400381,204075,196306,108374,55258,53116,47830,24372,23458,202488,103184,99304,15314,7814,7500,26375,13447,12928
Mid,2027,202707,000,State of Texas,2,2 yrs,400719,204219,196500,109428,55808,53620,48013,24457,23556,202061,102929,99132,15705,8019,7686,25512,13006,12506
Mid,2027,202707,000,State of Texas,3,3 yrs,400645,204171,196474,110438,56329,54109,48157,24521,23636,201312,102538,98774,16086,8215,7871,24652,12568,12084
Mid,2027,202707,000,State of Texas,4,4 yrs,400509,204108,196401,111423,56839,54584,48300,24586,23714,200542,102150,98392,16445,8398,8047,23799,12135,11664
Mid,2027,202707,000,State of Texas,5,5 yrs,399208,203388,195820,112262,57274,54988,48300,24597,23703,199186,101369,97817,16543,8461,8082,22917,11687,11230
Mid,2027,202707,000,State of Texas,6,6 yrs,398574,203087,195487,113057,57691,55366,48241,24566,23675,198440,100999,97441,16792,8586,8206,22044,11245,10799
Mid,2027,202707,000,State of Texas,7,7 yrs,368993,187899,181094,104168,53311,50857,44881,22677,22204,178185,90501,87684,20722,10684,10038,21037,10726,10311
Mid,2027,202707,000,State of Texas,8,8 yrs,376016,191178,184838,108157,55401,52756,46322,23360,22962,180149,91302,88847,20950,10711,10239,20438,10404,10034
Mid,2027,202707,000,State of Texas,9,9 yrs,390679,198626,192053,111337,56939,54398,48393,24616,23777,187329,94999,92330,22285,11226,11059,21335,10846,10489
Mid,2027,202707,000,State of Texas,10,10 yrs,407355,207671,199684,117171,59959,57212,49445,25197,24248,195564,99351,96213,23497,11980,11517,21678,11184,10494
Mid,2027,202707,000,State of Texas,11,11 yrs,423489,215587,207902,122692,62766,59926,51140,25720,25420,203646,103714,99932,23838,12145,11693,22173,11242,10931
Mid,2027,202707,000,State of Texas,12,12 yrs,432753,221080,211673,123966,63716,60250,52327,26521,25806,209163,106829,102334,24723,12633,12090,22574,11381,11193
Mid,2027,202707,000,State of Texas,13,13 yrs,429766,219468,210298,124048,63698,60350,51787,26439,25348,208055,105983,102072,24137,12308,11829,21739,11040,10699
Mid,2027,202707,000,State of Texas,14,14 yrs,429864,218961,210903,124107,63198,60909,51457,26066,25391,207464,105736,101728,25123,13094,12029,21713,10867,10846
Mid,2027,202707,000,State of Texas,15,15 yrs,430753,219814,210939,123407,62805,60602,51891,26433,25458,209766,107363,102403,24329,12358,11971,21360,10855,10505
Mid,2027,202707,000,State of Texas,16,16 yrs,435829,222985,212844,125358,64360,60998,52668,26854,25814,212537,108873,103664,24072,12123,11949,21194,10775,10419
Mid,2027,202707,000,State of Texas,17,17 yrs,459788,234655,225133,129649,66594,63055,55660,28037,27623,227636,116244,111392,24482,12336,12146,22361,11444,10917
Mid,2027,202707,000,State of Texas,18,18 yrs,461128,235856,225272,130160,66731,63429,55866,28493,27373,228701,117063,111638,24500,12442,12058,21901,11127,10774
Mid,2027,202707,000,State of Texas,19,19 yrs,475622,242611,233011,133810,68403,65407,57599,29225,28374,236301,120831,115470,25607,12887,12720,22305,11265,11040
Mid,2027,202707,000,State of Texas,20,20 yrs,473369,241336,232033,134448,68821,65627,58034,29462,28572,234069,119330,114739,24892,12496,12396,21926,11227,10699
Mid,2027,202707,000,State of Texas,21,21 yrs,466846,238553,228293,133872,68800,65072,56616,28485,28131,229688,117868,111820,25354,12583,12771,21316,10817,10499
Mid,2027,202707,000,State of Texas,22,22 yrs,473054,242128,230926,136010,69841,66169,57323,28957,28366,232264,119713,112551,26321,13036,13285,21136,10581,10555
Mid,2027,202707,000,State of Texas,23,23 yrs,471822,240888,230934,137693,70490,67203,57146,28854,28292,229457,117737,111720,26700,13297,13403,20826,10510,10316
Mid,2027,202707,000,State of Texas,24,24 yrs,467317,238297,229020,137101,70309,66792,56860,28640,28220,226623,116133,110490,26917,13200,13717,19816,10015,9801
Mid,2027,202707,000,State of Texas,25,25 yrs,474861,241933,232928,139158,71369,67789,61684,30566,31118,225203,115940,109263,29029,14202,14827,19787,9856,9931
Mid,2027,202707,000,State of Texas,26,26 yrs,482365,243130,239235,145890,73979,71911,62068,30353,31715,223516,113764,109752,31296,15328,15968,19595,9706,9889
Mid,2027,202707,000,State of Texas,27,27 yrs,481352,244237,237115,150029,76596,73433,62260,30413,31847,219920,112692,107228,30693,15100,15593,18450,9436,9014
Mid,2027,202707,000,State of Texas,28,28 yrs,461619,233981,227638,145403,74128,71275,59087,28978,30109,209779,107372,102407,30012,14815,15197,17338,8688,8650
Mid,2027,202707,000,State of Texas,29,29 yrs,450397,228755,221642,142262,72642,69620,57671,28255,29416,202960,104308,98652,30614,15129,15485,16890,8421,8469
Mid,2027,202707,000,State of Texas,30,30 yrs,445009,225814,219195,143108,73052,70056,56477,27477,29000,198634,102372,96262,30766,14941,15825,16024,7972,8052
Mid,2027,202707,000,State of Texas,31,31 yrs,446319,225411,220908,144919,73607,71312,56591,27479,29112,197202,101033,96169,30977,15097,15880,16630,8195,8435
Mid,2027,202707,000,State of Texas,32,32 yrs,462731,234352,228379,151602,77415,74187,59812,28804,31008,203901,104870,99031,31175,15162,16013,16241,8101,8140
Mid,2027,202707,000,State of Texas,33,33 yrs,447551,224669,222882,148014,75211,72803,58529,28140,30389,194035,98643,95392,31003,14932,16071,15970,7743,8227
Mid,2027,202707,000,State of Texas,34,34 yrs,451819,226667,225152,150659,76589,74070,59858,28554,31304,193361,98311,95050,32002,15432,16570,15939,7781,8158
Mid,2027,202707,000,State of Texas,35,35 yrs,459996,230368,229628,157372,80012,77360,61006,28944,32062,193496,98343,95153,32271,15289,16982,15851,7780,8071
Mid,2027,202707,000,State of Texas,36,36 yrs,455546,227653,227893,159169,80813,78356,60105,28427,31678,187547,95220,92327,32515,15372,17143,16210,7821,8389
Mid,2027,202707,000,State of Texas,37,37 yrs,487380,244598,242782,170901,86910,83991,64176,30417,33759,200888,102695,98193,34570,16437,18133,16845,8139,8706
Mid,2027,202707,000,State of Texas,38,38 yrs,437240,217182,220058,157322,79862,77460,56905,26826,30079,173803,87257,86546,33397,15655,17742,15813,7582,8231
Mid,2027,202707,000,State of Texas,39,39 yrs,442402,220322,222080,159671,80934,78737,56584,26478,30106,177499,89914,87585,33140,15550,17590,15508,7446,8062
Mid,2027,202707,000,State of Texas,40,40 yrs,434409,215729,218680,158490,80130,78360,54599,25907,28692,173480,87045,86435,32353,15344,17009,15487,7303,8184
Mid,2027,202707,000,State of Texas,41,41 yrs,434839,215788,219051,160357,81147,79210,54590,25672,28918,171732,86067,85665,33133,15689,17444,15027,7213,7814
Mid,2027,202707,000,State of Texas,42,42 yrs,458592,229049,229543,168319,85827,82492,56922,27165,29757,183427,92275,91152,34488,16483,18005,15436,7299,8137
Mid,2027,202707,000,State of Texas,43,43 yrs,422633,208859,213774,156076,79092,76984,52458,24644,27814,166171,82507,83664,33147,15652,17495,14781,6964,7817
Mid,2027,202707,000,State of Texas,44,44 yrs,426300,210566,215734,158091,80367,77724,53153,25131,28022,167320,82405,84915,32703,15508,17195,15033,7155,7878
Mid,2027,202707,000,State of Texas,45,45 yrs,423817,208942,214875,156828,79525,77303,52055,24493,27562,168390,83091,85299,31953,15027,16926,14591,6806,7785
Mid,2027,202707,000,State of Texas,46,46 yrs,417807,205429,212378,154764,78611,76153,52589,24590,27999,164570,80600,83970,30951,14617,16334,14933,7011,7922
Mid,2027,202707,000,State of Texas,47,47 yrs,444190,220313,223877,161166,81830,79336,56220,26610,29610,180170,89885,90285,31891,15014,16877,14743,6974,7769
Mid,2027,202707,000,State of Texas,48,48 yrs,385489,189526,195963,142454,72384,70070,49072,23107,25965,151077,73775,77302,29128,13786,15342,13758,6474,7284
Mid,2027,202707,000,State of Texas,49,49 yrs,386746,189231,197515,142668,71918,70750,47419,22365,25054,155192,75356,79836,27969,13359,14610,13498,6233,7265
Mid,2027,202707,000,State of Texas,50,50 yrs,377298,185056,192242,138266,69824,68442,46002,21842,24160,151985,73846,78139,27954,13358,14596,13091,6186,6905
Mid,2027,202707,000,State of Texas,51,51 yrs,370732,181825,188907,135683,68885,66798,44902,20985,23917,149212,72483,76729,28389,13654,14735,12546,5818,6728
Mid,2027,202707,000,State of Texas,52,52 yrs,392846,194473,198373,144381,73132,71249,46554,22398,24156,159768,78697,81071,29224,14181,15043,12919,6065,6854
Mid,2027,202707,000,State of Texas,53,53 yrs,360751,176665,184086,134754,67968,66786,44023,20845,23178,143027,69199,73828,27213,13121,14092,11734,5532,6202
Mid,2027,202707,000,State of Texas,54,54 yrs,365958,178896,187062,138727,69894,68833,45241,21316,23925,142301,68809,73492,27258,13085,14173,12431,5792,6639
Mid,2027,202707,000,State of Texas,55,55 yrs,376020,183587,192433,149312,75145,74167,45570,21464,24106,141914,68264,73650,26802,12806,13996,12422,5908,6514
Mid,2027,202707,000,State of Texas,56,56 yrs,385310,188209,197101,160280,80536,79744,47189,22230,24959,139074,66922,72152,25841,12443,13398,12926,6078,6848
Mid,2027,202707,000,State of Texas,57,57 yrs,394782,194174,200608,164028,82441,81587,47028,22141,24887,145150,71164,73986,25905,12407,13498,12671,6021,6650
Mid,2027,202707,000,State of Texas,58,58 yrs,349531,170588,178943,147997,74017,73980,41452,19459,21993,125281,60634,64647,23408,11153,12255,11393,5325,6068
Mid,2027,202707,000,State of Texas,59,59 yrs,340111,166021,174090,142775,71574,71201,41186,19468,21718,123657,59632,64025,21630,10343,11287,10863,5004,5859
Mid,2027,202707,000,State of Texas,60,60 yrs,333143,162221,170922,142718,71021,71697,40872,19026,21846,118731,57677,61054,20099,9599,10500,10723,4898,5825
Mid,2027,202707,000,State of Texas,61,61 yrs,337070,164282,172788,145562,72296,73266,41780,19449,22331,118649,57827,60822,20343,9793,10550,10736,4917,5819
Mid,2027,202707,000,State of Texas,62,62 yrs,359540,174964,184576,162484,80499,81985,43763,20212,23551,121600,59232,62368,20313,9762,10551,11380,5259,6121
Mid,2027,202707,000,State of Texas,63,63 yrs,348453,168526,179927,163879,80629,83250,41328,18890,22438,111941,54276,57665,19801,9463,10338,11504,5268,6236
Mid,2027,202707,000,State of Texas,64,64 yrs,345619,166476,179143,166638,81834,84804,40825,18646,22179,107700,51731,55969,18903,8975,9928,11553,5290,6263
Mid,2027,202707,000,State of Texas,65,65 yrs,340060,163665,176395,168358,82406,85952,39756,18179,21577,103443,49832,53611,17218,8170,9048,11285,5078,6207
Mid,2027,202707,000,State of Texas,66,66 yrs,336070,160803,175267,168643,82395,86248,39565,17939,21626,99929,47726,52203,17011,7894,9117,10922,4849,6073
Mid,2027,202707,000,State of Texas,67,67 yrs,340573,163005,177568,173175,84375,88800,39198,17746,21452,100638,48256,52382,16933,7714,9219,10629,4914,5715
Mid,2027,202707,000,State of Texas,68,68 yrs,312155,148345,163810,162414,78884,83530,36057,16225,19832,88190,41840,46350,15451,6875,8576,10043,4521,5522
Mid,2027,202707,000,State of Texas,69,69 yrs,309135,145846,163289,163382,78754,84628,34806,15555,19251,86238,40461,45777,14789,6539,8250,9920,4537,5383
Mid,2027,202707,000,State of Texas,70,70 yrs,294300,137127,157173,156612,74488,82124,32847,14462,18385,81095,37793,43302,14238,6194,8044,9508,4190,5318
Mid,2027,202707,000,State of Texas,71,71 yrs,281355,131011,150344,151129,71776,79353,31020,13716,17304,76736,35621,41115,13641,5947,7694,8829,3951,4878
Mid,2027,202707,000,State of Texas,72,72 yrs,279347,129503,149844,152264,72176,80088,30167,13082,17085,75114,34660,40454,13235,5754,7481,8567,3831,4736
Mid,2027,202707,000,State of Texas,73,73 yrs,252579,115229,137350,140840,65635,75205,26232,11221,15011,65997,29892,36105,11836,5141,6695,7674,3340,4334
Mid,2027,202707,000,State of Texas,74,74 yrs,242516,110588,131928,136449,63786,72663,24718,10492,14226,62548,28219,34329,11663,4995,6668,7138,3096,4042
Mid,2027,202707,000,State of Texas,75,75 yrs,226099,102661,123438,129259,60221,69038,22650,9358,13292,57530,25855,31675,10233,4299,5934,6427,2928,3499
Mid,2027,202707,000,State of Texas,76,76 yrs,210692,94572,116120,118602,54700,63902,21513,8707,12806,54597,24381,30216,10108,4202,5906,5872,2582,3290
Mid,2027,202707,000,State of Texas,77,77 yrs,207044,92552,114492,118450,54504,63946,19973,8146,11827,52819,23341,29478,10121,4217,5904,5681,2344,3337
Mid,2027,202707,000,State of Texas,78,78 yrs,187696,83521,104175,110372,50372,60000,17608,7151,10457,46136,20219,25917,8468,3587,4881,5112,2192,2920
Mid,2027,202707,000,State of Texas,79,79 yrs,184549,82422,102127,112076,51322,60754,15928,6442,9486,43766,19241,24525,7804,3234,4570,4975,2183,2792
Mid,2027,202707,000,State of Texas,80,80 yrs,172538,76416,96122,107703,49031,58672,13802,5530,8272,39670,17083,22587,6839,2884,3955,4524,1888,2636
Mid,2027,202707,000,State of Texas,81,81 yrs,129215,56648,72567,75754,34337,41417,11003,4249,6754,33411,14206,19205,5768,2477,3291,3279,1379,1900
Mid,2027,202707,000,State of Texas,82,82 yrs,124794,54005,70789,75149,33329,41820,10184,3862,6322,30975,13150,17825,5362,2347,3015,3124,1317,1807
Mid,2027,202707,000,State of Texas,83,83 yrs,114515,48833,65682,71289,31323,39966,8929,3339,5590,27052,11155,15897,4374,1867,2507,2871,1149,1722
Mid,2027,202707,000,State of Texas,84,84 yrs,102632,43589,59043,64909,28277,36632,7991,3043,4948,23293,9495,13798,3916,1715,2201,2523,1059,1464
Mid,2027,202707,000,State of Texas,85,85 yrs,86946,36393,50553,54208,23339,30869,6753,2495,4258,20552,8284,12268,3385,1451,1934,2048,824,1224
Mid,2027,202707,000,State of Texas,86,86 yrs,75616,31067,44549,46966,19817,27149,5919,2090,3829,18149,7242,10907,2846,1198,1648,1736,720,1016
Mid,2027,202707,000,State of Texas,87,87 yrs,66528,26766,39762,40781,16758,24023,5194,1777,3417,16532,6608,9924,2599,1092,1507,1422,531,891
Mid,2027,202707,000,State of Texas,88,88 yrs,56048,22204,33844,35002,14231,20771,4175,1457,2718,13510,5211,8299,2085,860,1225,1276,445,831
Mid,2027,202707,000,State of Texas,89,89 yrs,49012,19087,29925,30587,12197,18390,3623,1223,2400,11992,4532,7460,1748,725,1023,1062,410,652
Mid,2027,202707,000,State of Texas,90,90 yrs,40893,15587,25306,25283,9936,15347,3087,1013,2074,10243,3731,6512,1389,571,818,891,336,555
Mid,2027,202707,000,State of Texas,91,91 yrs,35124,13026,22098,22053,8429,13624,2595,830,1765,8570,3055,5515,1178,454,724,728,258,470
Mid,2027,202707,000,State of Texas,92,92 yrs,30083,11000,19083,18860,7042,11818,2250,688,1562,7437,2664,4773,920,379,541,616,227,389
Mid,2027,202707,000,State of Texas,93,93 yrs,23348,8365,14983,14682,5367,9315,1759,530,1229,5752,2046,3706,711,269,442,444,153,291
Mid,2027,202707,000,State of Texas,94,94 yrs,19076,6696,12380,12180,4380,7800,1470,440,1030,4452,1535,2917,589,212,377,385,129,256
Mid,2027,202707,000,State of Texas,95,95+ yrs,58688,18891,39797,37913,12375,25538,4419,1165,3254,13590,4419,9171,1629,560,1069,1137,372,765
Mid,2028,202807,000,State of Texas,-1,All Ages,32799284,16198900,16600384,11998044,5954714,6043330,3950674,1890885,2059789,13543496,6754239,6789257,1992803,959038,1033765,1314267,640024,674243
Mid,2028,202807,000,State of Texas,0,< 1 yr,404364,206226,198138,107133,54638,52495,48083,24522,23561,205537,104824,100713,15301,7804,7497,28310,14438,13872
Mid,2028,202807,000,State of Texas,1,1 yr,403814,205828,197986,107808,54971,52837,48140,24531,23609,204942,104435,100507,15607,7963,7644,27317,13928,13389
Mid,2028,202807,000,State of Texas,2,2 yrs,403905,205839,198066,108771,55470,53301,48305,24605,23700,204413,104128,100285,15988,8163,7825,26428,13473,12955
Mid,2028,202807,000,State of Texas,3,3 yrs,404138,205958,198180,109851,56032,53819,48511,24701,23810,203823,103822,100001,16379,8364,8015,25574,13039,12535
Mid,2028,202807,000,State of Texas,4,4 yrs,403902,205832,198070,110846,56546,54300,48652,24764,23888,202956,103378,99578,16736,8545,8191,24712,12599,12113
Mid,2028,202807,000,State of Texas,5,5 yrs,403687,205726,197961,111816,57044,54772,48778,24824,23954,202168,102982,99186,17066,8710,8356,23859,12166,11693
Mid,2028,202807,000,State of Texas,6,6 yrs,402251,204951,197300,112634,57472,55162,48776,24838,23938,200785,102194,98591,17081,8730,8351,22975,11717,11258
Mid,2028,202807,000,State of Texas,7,7 yrs,401632,204676,196956,113416,57883,55533,48705,24801,23904,200107,101878,98229,17302,8839,8463,22102,11275,10827
Mid,2028,202807,000,State of Texas,8,8 yrs,372077,189511,182566,104534,53504,51030,45336,22906,22430,179892,91414,88478,21220,10931,10289,21095,10756,10339
Mid,2028,202807,000,State of Texas,9,9 yrs,379132,192812,186320,108520,55589,52931,46775,23587,23188,181899,92248,89651,21441,10955,10486,20497,10433,10064
Mid,2028,202807,000,State of Texas,10,10 yrs,393855,200278,193577,111697,57123,54574,48851,24845,24006,189131,95961,93170,22779,11471,11308,21397,10878,10519
Mid,2028,202807,000,State of Texas,11,11 yrs,410512,209315,201197,117531,60142,57389,49900,25423,24477,197344,100302,97042,23997,12232,11765,21740,11216,10524
Mid,2028,202807,000,State of Texas,12,12 yrs,426636,217217,209419,123063,62953,60110,51596,25944,25652,205420,104657,100763,24322,12389,11933,22235,11274,10961
Mid,2028,202807,000,State of Texas,13,13 yrs,435869,222707,213162,124339,63904,60435,52788,26748,26040,210915,107770,103145,25192,12873,12319,22635,11412,11223
Mid,2028,202807,000,State of Texas,14,14 yrs,432888,221085,211803,124427,63884,60543,52251,26665,25586,209818,106927,102891,24593,12539,12054,21799,11070,10729
Mid,2028,202807,000,State of Texas,15,15 yrs,433091,220624,212467,124517,63396,61121,51931,26296,25635,209265,106704,102561,25605,13332,12273,21773,10896,10877
Mid,2028,202807,000,State of Texas,16,16 yrs,434169,221569,212600,123865,63022,60843,52399,26676,25723,211626,108374,103252,24860,12613,12247,21419,10884,10535
Mid,2028,202807,000,State of Texas,17,17 yrs,439579,224897,214682,125882,64603,61279,53215,27111,26104,214526,109958,104568,24704,12422,12282,21252,10803,10449
Mid,2028,202807,000,State of Texas,18,18 yrs,463933,236761,227172,130242,66864,63378,56256,28315,27941,229757,117417,112340,25253,12691,12562,22425,11474,10951
Mid,2028,202807,000,State of Texas,19,19 yrs,465841,238211,227630,131206,67250,63956,56765,28880,27885,230617,118134,112483,25314,12802,12512,21939,11145,10794
Mid,2028,202807,000,State of Texas,20,20 yrs,480586,245080,235506,134905,68940,65965,58547,29631,28916,238259,121920,116339,26537,13309,13228,22338,11280,11058
Mid,2028,202807,000,State of Texas,21,21 yrs,478426,243833,234593,135582,69377,66205,58968,29860,29108,236042,120401,115641,25876,12954,12922,21958,11241,10717
Mid,2028,202807,000,State of Texas,22,22 yrs,471965,241064,230901,134999,69355,65644,57535,28874,28661,231698,118940,112758,26388,13066,13322,21345,10829,10516
Mid,2028,202807,000,State of Texas,23,23 yrs,478216,244629,233587,137104,70385,66719,58224,29337,28887,234284,120754,113530,27438,13559,13879,21166,10594,10572
Mid,2028,202807,000,State of Texas,24,24 yrs,477167,243453,233714,138811,71043,67768,58065,29237,28828,231556,118815,112741,27869,13830,14039,20866,10528,10338
Mid,2028,202807,000,State of Texas,25,25 yrs,472862,240931,231931,138248,70876,67372,57790,29020,28770,228850,117289,111561,28116,13713,14403,19858,10033,9825
Mid,2028,202807,000,State of Texas,26,26 yrs,480659,244686,235973,140333,71945,68388,62664,30956,31708,227576,117205,110371,30257,14707,15550,19829,9873,9956
Mid,2028,202807,000,State of Texas,27,27 yrs,488371,245952,242419,147136,74590,72546,63109,30766,32343,225940,115055,110885,32545,15814,16731,19641,9727,9914
Mid,2028,202807,000,State of Texas,28,28 yrs,487332,247054,240278,151273,77204,74069,63292,30829,32463,222330,113981,108349,31941,15584,16357,18496,9456,9040
Mid,2028,202807,000,State of Texas,29,29 yrs,467471,236765,230706,146615,74727,71888,60099,29390,30709,212171,108659,103512,31207,15282,15925,17379,8707,8672
Mid,2028,202807,000,State of Texas,30,30 yrs,456085,231495,224590,143445,73231,70214,58651,28659,29992,205308,105584,99724,31748,15581,16167,16933,8440,8493
Mid,2028,202807,000,State of Texas,31,31 yrs,450506,228513,221993,144254,73627,70627,57428,27869,29559,200907,103630,97277,31846,15393,16453,16071,7994,8077
Mid,2028,202807,000,State of Texas,32,32 yrs,451537,227985,223552,146044,74171,71873,57518,27867,29651,199289,102193,97096,32013,15538,16475,16673,8216,8457
Mid,2028,202807,000,State of Texas,33,33 yrs,467673,236756,230917,152709,77968,74741,60730,29188,31542,205786,105896,99890,32169,15585,16584,16279,8119,8160
Mid,2028,202807,000,State of Texas,34,34 yrs,452289,226955,225334,149102,75752,73350,59460,28531,30929,195764,99573,96191,31956,15341,16615,16007,7758,8249
Mid,2028,202807,000,State of Texas,35,35 yrs,456321,228805,227516,151739,77126,74613,60789,28938,31851,194920,99133,95787,32899,15810,17089,15974,7798,8176
Mid,2028,202807,000,State of Texas,36,36 yrs,463361,232153,231208,157804,80259,77545,61444,29153,32291,194984,99151,95833,33245,15796,17449,15884,7794,8090
Mid,2028,202807,000,State of Texas,37,37 yrs,458548,229209,229339,159574,81037,78537,60503,28612,31891,188800,95880,92920,33431,15847,17584,16240,7833,8407
Mid,2028,202807,000,State of Texas,38,38 yrs,489975,245897,244078,171250,87104,84146,64532,30576,33956,201917,103203,98714,35404,16865,18539,16872,8149,8723
Mid,2028,202807,000,State of Texas,39,39 yrs,439584,218319,221265,157651,80045,77606,57232,26970,30262,174710,87678,87032,34152,16035,18117,15839,7591,8248
Mid,2028,202807,000,State of Texas,40,40 yrs,444429,221256,223173,159951,81088,78863,56872,26601,30271,178253,90224,88029,33823,15890,17933,15530,7453,8077
Mid,2028,202807,000,State of Texas,41,41 yrs,436226,216544,219682,158743,80276,78467,54866,26020,28846,174129,87289,86840,32982,15650,17332,15506,7309,8197
Mid,2028,202807,000,State of Texas,42,42 yrs,436438,216463,219975,160577,81271,79306,54824,25771,29053,172260,86219,86041,33734,15984,17750,15043,7218,7825
Mid,2028,202807,000,State of Texas,43,43 yrs,460011,229639,230372,168494,85931,82563,57129,27249,29880,183880,92384,91496,35057,16772,18285,15451,7303,8148
Mid,2028,202807,000,State of Texas,44,44 yrs,423981,209431,214550,156227,79182,77045,52653,24726,27927,166622,82624,83998,33688,15934,17754,14791,6965,7826
Mid,2028,202807,000,State of Texas,45,45 yrs,427546,211109,216437,158211,80441,77770,53322,25202,28120,167743,82522,85221,33230,15789,17441,15040,7155,7885
Mid,2028,202807,000,State of Texas,46,46 yrs,424892,209402,215490,156910,79575,77335,52205,24553,27652,168733,83172,85561,32449,15298,17151,14595,6804,7791
Mid,2028,202807,000,State of Texas,47,47 yrs,418666,205784,212882,154802,78631,76171,52710,24636,28074,164822,80651,84171,31402,14860,16542,14930,7006,7924
Mid,2028,202807,000,State of Texas,48,48 yrs,444761,220511,224250,161124,81802,79322,56296,26627,29669,180319,89893,90426,32287,15224,17063,14735,6965,7770
Mid,2028,202807,000,State of Texas,49,49 yrs,385964,189678,196286,142401,72345,70056,49131,23114,26017,151208,73792,77416,29474,13962,15512,13750,6465,7285
Mid,2028,202807,000,State of Texas,50,50 yrs,387003,189266,197737,142557,71843,70714,47444,22353,25091,155251,75341,79910,28265,13506,14759,13486,6223,7263
Mid,2028,202807,000,State of Texas,51,51 yrs,377428,185009,192419,138116,69724,68392,46012,21820,24192,152008,73811,78197,28216,13480,14736,13076,6174,6902
Mid,2028,202807,000,State of Texas,52,52 yrs,370731,181685,189046,135486,68749,66737,44885,20948,23937,149196,72420,76776,28636,13764,14872,12528,5804,6724
Mid,2028,202807,000,State of Texas,53,53 yrs,392623,194183,198440,144100,72945,71155,46506,22337,24169,159657,78571,81086,29466,14283,15183,12894,6047,6847
Mid,2028,202807,000,State of Texas,54,54 yrs,360530,176377,184153,134463,67775,66688,43969,20780,23189,142917,69081,73836,27472,13227,14245,11709,5514,6195
Mid,2028,202807,000,State of Texas,55,55 yrs,365573,178499,187074,138359,69655,68704,45158,21231,23927,142126,68648,73478,27531,13196,14335,12399,5769,6630
Mid,2028,202807,000,State of Texas,56,56 yrs,375440,183069,192371,148831,74838,73993,45467,21366,24101,141688,68070,73618,27072,12915,14157,12382,5880,6502
Mid,2028,202807,000,State of Texas,57,57 yrs,384514,187550,196964,159680,80155,79525,47041,22108,24933,138819,66694,72125,26100,12550,13550,12874,6043,6831
Mid,2028,202807,000,State of Texas,58,58 yrs,393686,193326,200360,163300,81983,81317,46843,21998,24845,144784,70857,73927,26146,12506,13640,12613,5982,6631
Mid,2028,202807,000,State of Texas,59,59 yrs,348488,169784,178704,147284,73569,73715,41276,19324,21952,124938,60347,64591,23655,11257,12398,11335,5287,6048
Mid,2028,202807,000,State of Texas,60,60 yrs,338887,165113,173774,141998,71086,70912,40974,19310,21664,123230,59300,63930,21881,10452,11429,10804,4965,5839
Mid,2028,202807,000,State of Texas,61,61 yrs,331718,161198,170520,141853,70474,71379,40620,18846,21774,118238,57313,60925,20353,9711,10642,10654,4854,5800
Mid,2028,202807,000,State of Texas,62,62 yrs,335346,163079,172267,144576,71674,72902,41475,19235,22240,118050,57406,60644,20586,9896,10690,10659,4868,5791
Mid,2028,202807,000,State of Texas,63,63 yrs,357294,173455,183839,161217,79711,81506,43380,19953,23427,120888,58744,62144,20523,9847,10676,11286,5200,6086
Mid,2028,202807,000,State of Texas,64,64 yrs,345969,166888,179081,162469,79756,82713,40917,18623,22294,111208,53778,57430,19975,9527,10448,11400,5204,6196
Mid,2028,202807,000,State of Texas,65,65 yrs,342794,164641,178153,165032,80850,84182,40368,18346,22022,106906,51204,55702,19051,9022,10029,11437,5219,6218
Mid,2028,202807,000,State of Texas,66,66 yrs,336255,161260,174995,166278,81129,85149,39119,17787,21332,102454,49203,53251,17223,8128,9095,11181,5013,6168
Mid,2028,202807,000,State of Texas,67,67 yrs,331880,158193,173687,166372,81007,85365,38865,17516,21349,98867,47059,51808,16968,7831,9137,10808,4780,6028
Mid,2028,202807,000,State of Texas,68,68 yrs,335909,160124,175785,170641,82837,87804,38452,17295,21157,99463,47521,51942,16846,7634,9212,10507,4837,5670
Mid,2028,202807,000,State of Texas,69,69 yrs,307554,145537,162017,159867,77348,82519,35326,15789,19537,87090,41154,45936,15354,6801,8553,9917,4445,5472
Mid,2028,202807,000,State of Texas,70,70 yrs,304198,142859,161339,160623,77106,83517,34047,15109,18938,85084,39744,45340,14659,6445,8214,9785,4455,5330
Mid,2028,202807,000,State of Texas,71,71 yrs,289225,134102,155123,153760,72814,80946,32087,14020,18067,79925,37069,42856,14087,6091,7996,9366,4108,5258
Mid,2028,202807,000,State of Texas,72,72 yrs,276079,127896,148183,148134,70036,78098,30252,13271,16981,75535,34886,40649,13471,5835,7636,8687,3868,4819
Mid,2028,202807,000,State of Texas,73,73 yrs,273590,126162,147428,148964,70280,78684,29361,12627,16734,73814,33880,39934,13039,5634,7405,8412,3741,4671
Mid,2028,202807,000,State of Texas,74,74 yrs,246844,111976,134868,137474,63740,73734,25476,10801,14675,64733,29158,35575,11641,5022,6619,7520,3255,4265
Mid,2028,202807,000,State of Texas,75,75 yrs,236484,107212,129272,132881,61793,71088,23951,10073,13878,61238,27471,33767,11436,4866,6570,6978,3009,3969
Mid,2028,202807,000,State of Texas,76,76 yrs,219977,99270,120707,125567,58174,67393,21901,8961,12940,56221,25118,31103,10019,4179,5840,6269,2838,3431
Mid,2028,202807,000,State of Texas,77,77 yrs,204393,91139,113254,114863,52652,62211,20736,8305,12431,53229,23620,29609,9852,4068,5784,5713,2494,3219
Mid,2028,202807,000,State of Texas,78,78 yrs,200170,88858,111312,114295,52251,62044,19183,7739,11444,51349,22544,28805,9833,4067,5766,5510,2257,3253
Mid,2028,202807,000,State of Texas,79,79 yrs,180787,79865,100922,106081,48085,57996,16847,6764,10083,44729,19469,25260,8193,3446,4747,4937,2101,2836
Mid,2028,202807,000,State of Texas,80,80 yrs,177019,78462,98557,107250,48757,58493,15176,6066,9110,42289,18464,23825,7521,3093,4428,4783,2082,2701
Mid,2028,202807,000,State of Texas,81,81 yrs,164701,72357,92344,102539,46315,56224,13090,5181,7909,38184,16326,21858,6558,2743,3815,4330,1792,2538
Mid,2028,202807,000,State of Texas,82,82 yrs,122715,53329,69386,71695,32219,39476,10381,3957,6424,32021,13513,18508,5496,2339,3157,3122,1301,1821
Mid,2028,202807,000,State of Texas,83,83 yrs,117757,50465,67292,70646,31025,39621,9554,3573,5981,29528,12435,17093,5074,2199,2875,2955,1233,1722
Mid,2028,202807,000,State of Texas,84,84 yrs,107318,45273,62045,66543,28923,37620,8326,3068,5258,25639,10479,15160,4113,1736,2377,2697,1067,1630
Mid,2028,202807,000,State of Texas,85,85 yrs,95440,40063,55377,60115,25882,34233,7397,2774,4623,21925,8851,13074,3653,1581,2072,2350,975,1375
Mid,2028,202807,000,State of Texas,86,86 yrs,80210,33153,47057,49790,21168,28622,6202,2254,3948,19191,7653,11538,3132,1325,1807,1895,753,1142
Mid,2028,202807,000,State of Texas,87,87 yrs,69175,28044,41131,42772,17807,24965,5394,1872,3522,16804,6629,10175,2613,1085,1528,1592,651,941
Mid,2028,202807,000,State of Texas,88,88 yrs,60291,23923,36368,36782,14903,21879,4690,1576,3114,15162,5988,9174,2363,979,1384,1294,477,817
Mid,2028,202807,000,State of Texas,89,89 yrs,50259,19625,30634,31238,12518,18720,3731,1279,2452,12265,4670,7595,1876,763,1113,1149,395,754
Mid,2028,202807,000,State of Texas,90,90 yrs,43454,16673,26781,26988,10602,16386,3204,1062,2142,10761,4013,6748,1556,636,920,945,360,585
Mid,2028,202807,000,State of Texas,91,91 yrs,35816,13445,22371,22032,8528,13504,2699,870,1829,9079,3261,5818,1222,495,727,784,291,493
Mid,2028,202807,000,State of Texas,92,92 yrs,30348,11082,19266,18963,7137,11826,2240,703,1537,7491,2633,4858,1022,388,634,632,221,411
Mid,2028,202807,000,State of Texas,93,93 yrs,25617,9223,16394,15983,5876,10107,1918,576,1342,6401,2260,4141,787,319,468,528,192,336
Mid,2028,202807,000,State of Texas,94,94 yrs,19571,6906,12665,12251,4411,7840,1477,437,1040,4868,1707,3161,601,224,377,374,127,247
Mid,2028,202807,000,State of Texas,95,95+ yrs,61101,19928,41173,39220,13010,26210,4656,1258,3398,14252,4659,9593,1764,607,1157,1209,394,815
Mid,2029,202907,000,State of Texas,-1,All Ages,33173804,16384271,16789533,12005685,5958095,6047590,4004340,1915901,2088439,13780807,6874763,6906044,2043066,982598,1060468,1339906,652914,686992
Mid,2029,202907,000,State of Texas,0,< 1 yr,407324,207735,199589,106561,54346,52215,48316,24641,23675,207548,105849,101699,15623,7968,7655,29276,14931,14345
Mid,2029,202907,000,State of Texas,1,1 yr,407001,207453,199548,107222,54675,52547,48396,24660,23736,207198,105585,101613,15917,8121,7796,28268,14412,13856
Mid,2029,202907,000,State of Texas,2,2 yrs,407355,207601,199754,108206,55183,53023,48619,24766,23853,206876,105384,101492,16286,8315,7971,27368,13953,13415
Mid,2029,202907,000,State of Texas,3,3 yrs,407345,207590,199755,109195,55695,53500,48807,24851,23956,206186,105027,101159,16667,8511,8156,26490,13506,12984
Mid,2029,202907,000,State of Texas,4,4 yrs,407414,207629,199785,110260,56250,54010,49010,24946,24064,205476,104666,100810,17034,8697,8337,25634,13070,12564
Mid,2029,202907,000,State of Texas,5,5 yrs,407098,207460,199638,111239,56752,54487,49135,25004,24131,204590,104214,100376,17362,8859,8503,24772,12631,12141
Mid,2029,202907,000,State of Texas,6,6 yrs,406869,207363,199506,112207,57250,54957,49257,25063,24194,203828,103849,99979,17655,9002,8653,23922,12199,11723
Mid,2029,202907,000,State of Texas,7,7 yrs,405328,206550,198778,112993,57664,55329,49251,25079,24172,202456,103075,99381,17594,8984,8610,23034,11748,11286
Mid,2029,202907,000,State of Texas,8,8 yrs,404697,206278,198419,113764,58067,55697,49165,25033,24132,201813,102790,99023,17795,9083,8712,22160,11305,10855
Mid,2029,202907,000,State of Texas,9,9 yrs,375188,191142,184046,104894,53690,51204,45791,23134,22657,181638,92359,89279,21711,11174,10537,21154,10785,10369
Mid,2029,202907,000,State of Texas,10,10 yrs,382293,194457,187836,108871,55769,53102,47230,23814,23416,183704,93212,90492,21928,11196,10732,20560,10466,10094
Mid,2029,202907,000,State of Texas,11,11 yrs,397000,201914,195086,112053,57303,54750,49310,25072,24238,190910,96912,93998,23270,11718,11552,21457,10909,10548
Mid,2029,202907,000,State of Texas,12,12 yrs,413651,210943,202708,117891,60324,57567,50355,25646,24709,199111,101242,97869,24491,12482,12009,21803,11249,10554
Mid,2029,202907,000,State of Texas,13,13 yrs,429763,218847,210916,123436,63141,60295,52060,26173,25887,207180,105601,101579,24792,12628,12164,22295,11304,10991
Mid,2029,202907,000,State of Texas,14,14 yrs,439008,224332,214676,124716,64088,60628,53256,26978,26278,212679,108713,103966,25660,13110,12550,22697,11443,11254
Mid,2029,202907,000,State of Texas,15,15 yrs,436131,222754,213377,124838,64083,60755,52730,26896,25834,211625,107897,103728,25079,12779,12300,21859,11099,10760
Mid,2029,202907,000,State of Texas,16,16 yrs,436547,222393,214154,124977,63613,61364,52449,26544,25905,211136,107715,103421,26150,13594,12556,21835,10927,10908
Mid,2029,202907,000,State of Texas,17,17 yrs,437946,223497,214449,124389,63264,61125,52951,26935,26016,213623,109468,104155,25505,12917,12588,21478,10913,10565
Mid,2029,202907,000,State of Texas,18,18 yrs,443762,227029,216733,126480,64877,61603,53822,27396,26426,216657,111137,105520,25485,12784,12701,21318,10835,10483
Mid,2029,202907,000,State of Texas,19,19 yrs,468644,239115,229529,131268,67372,63896,57145,28698,28447,231687,118497,113190,26082,13057,13025,22462,11491,10971
Mid,2029,202907,000,State of Texas,20,20 yrs,470792,240672,230120,132276,67775,64501,57695,29279,28416,232601,119232,113369,26248,13225,13023,21972,11161,10811
Mid,2029,202907,000,State of Texas,21,21 yrs,485699,247608,238091,136034,69494,66540,59500,30036,29464,240261,123011,117250,27532,13771,13761,22372,11296,11076
Mid,2029,202907,000,State of Texas,22,22 yrs,483609,246378,237231,136713,69933,66780,59921,30271,29650,238069,121478,116591,26918,13442,13476,21988,11254,10734
Mid,2029,202907,000,State of Texas,23,23 yrs,477192,243608,233584,136094,69901,66193,58462,29265,29197,233755,120010,113745,27506,13590,13916,21375,10842,10533
Mid,2029,202907,000,State of Texas,24,24 yrs,483610,247223,236387,138212,70938,67274,59156,29727,29429,236415,121849,114566,28620,14096,14524,21207,10613,10594
Mid,2029,202907,000,State of Texas,25,25 yrs,482770,246118,236652,139955,71605,68350,59015,29629,29386,233807,119982,113825,29084,14356,14728,20909,10546,10363
Mid,2029,202907,000,State of Texas,26,26 yrs,478667,243706,234961,139408,71452,67956,58750,29405,29345,231263,118583,112680,29348,14218,15130,19898,10048,9850
Mid,2029,202907,000,State of Texas,27,27 yrs,486612,247505,239107,141525,72527,68998,63668,31357,32311,230049,118539,111510,31495,15188,16307,19875,9894,9981
Mid,2029,202907,000,State of Texas,28,28 yrs,494427,248800,245627,148392,75205,73187,64158,31188,32970,228386,116365,112021,33803,16294,17509,19688,9748,9940
Mid,2029,202907,000,State of Texas,29,29 yrs,493266,249872,243394,152505,77813,74692,64338,31251,33087,224739,115276,109463,33146,16057,17089,18538,9475,9063
Mid,2029,202907,000,State of Texas,30,30 yrs,473245,239546,233699,147820,75327,72493,61104,29806,31298,214547,109946,104601,32351,15740,16611,17423,8727,8696
Mid,2029,202907,000,State of Texas,31,31 yrs,461655,234224,227431,144611,73814,70797,59624,29059,30565,207612,106859,100753,32829,16031,16798,16979,8461,8518
Mid,2029,202907,000,State of Texas,32,32 yrs,455788,231117,224671,145380,74193,71187,58365,28262,30103,203043,104814,98229,32885,15832,17053,16115,8016,8099
Mid,2029,202907,000,State of Texas,33,33 yrs,456505,230408,226097,147148,74724,72424,58426,28247,30179,201205,103240,97965,33012,15962,17050,16714,8235,8479
Mid,2029,202907,000,State of Texas,34,34 yrs,472412,239043,233369,153789,78510,75279,61641,29566,32075,207543,106842,100701,33122,15990,17132,16317,8135,8182
Mid,2029,202907,000,State of Texas,35,35 yrs,456842,229129,227713,150171,76285,73886,60391,28917,31474,197379,100429,96950,32857,15722,17135,16044,7776,8268
Mid,2029,202907,000,State of Texas,36,36 yrs,459748,230631,229117,152179,77380,74799,61237,29154,32083,196449,99967,96482,33876,16318,17558,16007,7812,8195
Mid,2029,202907,000,State of Texas,37,37 yrs,466408,233736,232672,158212,80488,77724,61852,29345,32507,196269,99827,96442,34160,16269,17891,15915,7807,8108
Mid,2029,202907,000,State of Texas,38,38 yrs,461244,230581,230663,159936,81240,78696,60880,28787,32093,189883,96427,93456,34276,16283,17993,16269,7844,8425
Mid,2029,202907,000,State of Texas,39,39 yrs,492323,247028,245295,171573,87283,84290,64865,30724,34141,202821,103614,99207,36167,17249,18918,16897,8158,8739
Mid,2029,202907,000,State of Texas,40,40 yrs,441700,219309,222391,157945,80211,77734,57540,27103,30437,175504,88014,87490,34848,16382,18466,15863,7599,8264
Mid,2029,202907,000,State of Texas,41,41 yrs,446316,222108,224208,160210,81232,78978,57147,26720,30427,178945,90493,88452,34466,16205,18261,15548,7458,8090
Mid,2029,202907,000,State of Texas,42,42 yrs,437897,217262,220635,158967,80403,78564,55116,26127,28989,174700,87469,87231,33590,15948,17642,15524,7315,8209
Mid,2029,202907,000,State of Texas,43,43 yrs,437944,217105,220839,160765,81382,79383,55049,25869,29180,172760,86355,86405,34312,16277,18035,15058,7222,7836
Mid,2029,202907,000,State of Texas,44,44 yrs,461362,230211,231151,168636,86018,82618,57327,27330,29997,184329,92495,91834,35609,17064,18545,15461,7304,8157
Mid,2029,202907,000,State of Texas,45,45 yrs,425280,210008,215272,156346,79256,77090,52831,24805,28026,167087,82766,84321,34216,16216,18000,14800,6965,7835
Mid,2029,202907,000,State of Texas,46,46 yrs,428680,211610,217070,158299,80497,77802,53476,25264,28212,168126,82632,85494,33733,16063,17670,15046,7154,7892
Mid,2029,202907,000,State of Texas,47,47 yrs,425787,209778,216009,156954,79601,77353,52336,24606,27730,168989,83221,85768,32913,15549,17364,14595,6801,7794
Mid,2029,202907,000,State of Texas,48,48 yrs,419348,206047,213301,154797,78625,76172,52806,24666,28140,165013,80681,84332,31809,15077,16732,14923,6998,7925
Mid,2029,202907,000,State of Texas,49,49 yrs,445121,220597,224524,161030,81739,79291,56338,26624,29714,180397,89879,90518,32632,15400,17232,14724,6955,7769
Mid,2029,202907,000,State of Texas,50,50 yrs,386263,189739,196524,142303,72279,70024,49161,23104,26057,151287,73791,77496,29772,14109,15663,13740,6456,7284
Mid,2029,202907,000,State of Texas,51,51 yrs,387135,189224,197911,142402,71744,70658,47456,22334,25122,155280,75305,79975,28527,13630,14897,13470,6211,7259
Mid,2029,202907,000,State of Texas,52,52 yrs,377447,184881,192566,137925,69596,68329,46002,21784,24218,151995,73749,78246,28468,13593,14875,13057,6159,6898
Mid,2029,202907,000,State of Texas,53,53 yrs,370632,181476,189156,135249,68588,66661,44857,20902,23955,149135,72331,76804,28885,13868,15017,12506,5787,6719
Mid,2029,202907,000,State of Texas,54,54 yrs,392301,193824,198477,143776,72733,71043,46449,22269,24180,159495,78415,81080,29713,14379,15334,12868,6028,6840
Mid,2029,202907,000,State of Texas,55,55 yrs,360206,176013,184193,134125,67551,66574,43904,20705,23199,142752,68929,73823,27744,13335,14409,11681,5493,6188
Mid,2029,202907,000,State of Texas,56,56 yrs,365077,178029,187048,137936,69382,68554,45059,21136,23923,141916,68460,73456,27807,13309,14498,12359,5742,6617
Mid,2029,202907,000,State of Texas,57,57 yrs,374721,182457,192264,148281,74490,73791,45342,21256,24086,141428,67841,73587,27334,13022,14312,12336,5848,6488
Mid,2029,202907,000,State of Texas,58,58 yrs,383539,186783,196756,158998,79726,79272,46867,21970,24897,138512,66429,72083,26347,12654,13693,12815,6004,6811
Mid,2029,202907,000,State of Texas,59,59 yrs,392403,192365,200038,162494,81474,81020,46630,21839,24791,144348,70509,73839,26382,12604,13778,12549,5939,6610
Mid,2029,202907,000,State of Texas,60,60 yrs,347258,168873,178385,146492,73072,73420,41071,19172,21899,124520,60019,64501,23902,11364,12538,11273,5246,6027
Mid,2029,202907,000,State of Texas,61,61 yrs,337474,164102,173372,141143,70549,70594,40734,19134,21600,122724,58933,63791,22136,10564,11572,10737,4922,5815
Mid,2029,202907,000,State of Texas,62,62 yrs,330081,160054,170027,140913,69881,71032,40336,18645,21691,117658,56904,60754,20595,9817,10778,10579,4807,5772
Mid,2029,202907,000,State of Texas,63,63 yrs,333377,161736,171641,143486,70993,72493,41131,18998,22133,117383,56945,60438,20802,9985,10817,10575,4815,5760
Mid,2029,202907,000,State of Texas,64,64 yrs,354775,171785,182990,159841,78857,80984,42951,19669,23282,120099,58210,61889,20698,9911,10787,11186,5138,6048
Mid,2029,202907,000,State of Texas,65,65 yrs,343194,165090,178104,160934,78818,82116,40465,18332,22133,110401,53237,57164,20105,9567,10538,11289,5136,6153
Mid,2029,202907,000,State of Texas,66,66 yrs,339016,162252,176764,163020,79611,83409,39733,17957,21776,105901,50568,55333,19026,8961,10065,11336,5155,6181
Mid,2029,202907,000,State of Texas,67,67 yrs,332126,158678,173448,164057,79770,84287,38443,17376,21067,101382,48526,52856,17177,8063,9114,11067,4943,6124
Mid,2029,202907,000,State of Texas,68,68 yrs,327380,155429,171951,163960,79546,84414,38134,17078,21056,97725,46350,51375,16875,7748,9127,10686,4707,5979
Mid,2029,202907,000,State of Texas,69,69 yrs,330981,157117,173864,167988,81238,86750,37680,16834,20846,98218,46747,51471,16719,7542,9177,10376,4756,5620
Mid,2029,202907,000,State of Texas,70,70 yrs,302686,142591,160095,157183,75744,81439,34573,15344,19229,85935,40432,45503,15212,6706,8506,9783,4365,5418
Mid,2029,202907,000,State of Texas,71,71 yrs,298969,139734,159235,157712,75387,82325,33264,14653,18611,83860,38990,44870,14493,6336,8157,9640,4368,5272
Mid,2029,202907,000,State of Texas,72,72 yrs,283828,130939,152889,150734,71063,79671,31301,13569,17732,78677,36309,42368,13902,5977,7925,9214,4021,5193
Mid,2029,202907,000,State of Texas,73,73 yrs,270444,124628,145816,144946,68210,76736,29452,12815,16637,74241,34110,40131,13274,5715,7559,8531,3778,4753
Mid,2029,202907,000,State of Texas,74,74 yrs,267378,122622,144756,145413,68264,77149,28517,12158,16359,72397,33052,39345,12810,5503,7307,8241,3645,4596
Mid,2029,202907,000,State of Texas,75,75 yrs,240759,108587,132172,133912,61761,72151,24694,10374,14320,63380,28393,34987,11419,4894,6525,7354,3165,4189
Mid,2029,202907,000,State of Texas,76,76 yrs,230107,103690,126417,129107,59705,69402,23158,9646,13512,59850,26693,33157,11184,4728,6456,6808,2918,3890
Mid,2029,202907,000,State of Texas,77,77 yrs,213432,95688,117744,121627,56007,65620,21116,8551,12565,54817,24340,30477,9774,4048,5726,6098,2742,3356
Mid,2029,202907,000,State of Texas,78,78 yrs,197660,87532,110128,110870,50494,60376,19925,7893,12032,51757,22820,28937,9569,3924,5645,5539,2401,3138
Mid,2029,202907,000,State of Texas,79,79 yrs,192854,85000,107854,109877,49894,59983,18361,7324,11037,49778,21711,28067,9513,3906,5607,5325,2165,3160
Mid,2029,202907,000,State of Texas,80,80 yrs,173481,76060,97421,101548,45698,55850,16058,6372,9686,43227,18688,24539,7897,3296,4601,4751,2006,2745
Mid,2029,202907,000,State of Texas,81,81 yrs,169028,74325,94703,102134,46073,56061,14397,5685,8712,40706,17649,23057,7213,2942,4271,4578,1976,2602
Mid,2029,202907,000,State of Texas,82,82 yrs,156404,68117,88287,97076,43474,53602,12356,4829,7527,36598,15532,21066,6253,2592,3661,4121,1690,2431
Mid,2029,202907,000,State of Texas,83,83 yrs,115851,49858,65993,67419,30005,37414,9742,3663,6079,30533,12780,17753,5203,2192,3011,2954,1218,1736
Mid,2029,202907,000,State of Texas,84,84 yrs,110413,46821,63592,65969,28663,37306,8911,3284,5627,27987,11684,16303,4770,2045,2725,2776,1145,1631
Mid,2029,202907,000,State of Texas,85,85 yrs,99855,41637,58218,61656,26486,35170,7712,2798,4914,24133,9769,14364,3839,1601,2238,2515,983,1532
Mid,2029,202907,000,State of Texas,86,86 yrs,88069,36509,51560,55241,23487,31754,6796,2508,4288,20478,8179,12299,3381,1445,1936,2173,890,1283
Mid,2029,202907,000,State of Texas,87,87 yrs,73401,29940,43461,45363,19032,26331,5653,2020,3633,17772,7007,10765,2875,1200,1675,1738,681,1057
Mid,2029,202907,000,State of Texas,88,88 yrs,62710,25073,37637,38595,15845,22750,4873,1662,3211,15417,6009,9408,2377,973,1404,1448,584,864
Mid,2029,202907,000,State of Texas,89,89 yrs,54099,21160,32939,32847,13116,19731,4195,1384,2811,13766,5369,8397,2126,868,1258,1165,423,742
Mid,2029,202907,000,State of Texas,90,90 yrs,44585,17153,27432,27579,10888,16691,3301,1112,2189,11011,4137,6874,1670,669,1001,1024,347,677
Mid,2029,202907,000,State of Texas,91,91 yrs,38078,14390,23688,23535,9106,14429,2802,912,1890,9540,3509,6031,1369,551,818,832,312,520
Mid,2029,202907,000,State of Texas,92,92 yrs,30968,11447,19521,18956,7226,11730,2331,738,1593,7939,2811,5128,1061,423,638,681,249,432
Mid,2029,202907,000,State of Texas,93,93 yrs,25862,9299,16563,16083,5961,10122,1910,589,1321,6452,2235,4217,875,327,548,542,187,355
Mid,2029,202907,000,State of Texas,94,94 yrs,21488,7618,13870,13346,4832,8514,1612,476,1136,5421,1886,3535,664,265,399,445,159,286
Mid,2029,202907,000,State of Texas,95,95+ yrs,63396,20896,42500,40292,13519,26773,4856,1330,3526,15109,4984,10125,1880,654,1226,1259,409,850
Mid,2030,203007,000,State of Texas,-1,All Ages,33546497,16568876,16977621,12010332,5959991,6050341,4057780,1940816,2116964,14018554,6995610,7022944,2093514,1006257,1087257,1366317,666202,700115
Mid,2030,203007,000,State of Texas,0,< 1 yr,410040,209121,200919,105997,54058,51939,48503,24737,23766,209325,106756,102569,15960,8140,7820,30255,15430,14825
Mid,2030,203007,000,State of Texas,1,1 yr,409970,208967,201003,106652,54384,52268,48634,24782,23852,209213,106612,102601,16242,8287,7955,29229,14902,14327
Mid,2030,203007,000,State of Texas,2,2 yrs,410565,209238,201327,107621,54888,52733,48880,24898,23982,209144,106540,102604,16601,8475,8126,28319,14437,13882
Mid,2030,203007,000,State of Texas,3,3 yrs,410821,209365,201456,108636,55413,53223,49127,25015,24112,208657,106286,102371,16970,8665,8305,27431,13986,13445
Mid,2030,203007,000,State of Texas,4,4 yrs,410644,209271,201373,109606,55913,53693,49310,25097,24213,207848,105876,101972,17329,8847,8482,26551,13538,13013
Mid,2030,203007,000,State of Texas,5,5 yrs,410633,209268,201365,110653,56456,54197,49499,25188,24311,207121,105508,101613,17666,9014,8652,25694,13102,12592
Mid,2030,203007,000,State of Texas,6,6 yrs,410298,209106,201192,111630,56959,54671,49618,25245,24373,206259,105085,101174,17957,9154,8803,24834,12663,12171
Mid,2030,203007,000,State of Texas,7,7 yrs,410046,209011,201035,112582,57449,55133,49731,25300,24431,205532,104753,100779,18214,9277,8937,23987,12232,11755
Mid,2030,203007,000,State of Texas,8,8 yrs,408418,208163,200255,113342,57848,55494,49722,25316,24406,204172,103992,100180,18089,9229,8860,23093,11778,11315
Mid,2030,203007,000,State of Texas,9,9 yrs,407792,207902,199890,114106,58244,55862,49626,25264,24362,203562,103736,99826,18280,9324,8956,22218,11334,10884
Mid,2030,203007,000,State of Texas,10,10 yrs,378351,192784,185567,105245,53869,51376,46252,23364,22888,183440,93321,90119,22198,11413,10785,21216,10817,10399
Mid,2030,203007,000,State of Texas,11,11 yrs,385383,196067,189316,109221,55946,53275,47687,24041,23646,185442,94143,91299,22415,11441,10974,20618,10496,10122
Mid,2030,203007,000,State of Texas,12,12 yrs,400118,203532,196586,112409,57483,54926,49770,25297,24473,192664,97847,94817,23757,11964,11793,21518,10941,10577
Mid,2030,203007,000,State of Texas,13,13 yrs,416773,212573,204200,118254,60507,57747,50820,25876,24944,200861,102181,98680,24974,12729,12245,21864,11280,10584
Mid,2030,203007,000,State of Texas,14,14 yrs,432902,220471,212431,123813,63326,60487,52528,26402,26126,208945,106544,102401,25259,12864,12395,22357,11335,11022
Mid,2030,203007,000,State of Texas,15,15 yrs,442272,226011,216261,125127,64287,60840,53740,27212,26528,214489,109683,104806,26159,13357,12802,22757,11472,11285
Mid,2030,203007,000,State of Texas,16,16 yrs,439610,224530,215080,125306,64301,61005,53253,27145,26108,213503,108912,104591,25628,13043,12585,21920,11129,10791
Mid,2030,203007,000,State of Texas,17,17 yrs,440358,224335,216023,125505,63857,61648,53010,26807,26203,213137,108810,104327,26809,13904,12905,21897,10957,10940
Mid,2030,203007,000,State of Texas,18,18 yrs,442157,225642,216515,124992,63542,61450,53564,27221,26343,215753,110647,105106,26302,13287,13015,21546,10945,10601
Mid,2030,203007,000,State of Texas,19,19 yrs,448493,229400,219093,127500,65384,62116,54714,27782,26932,218598,112225,106373,26323,13155,13168,21358,10854,10504
Mid,2030,203007,000,State of Texas,20,20 yrs,473600,241579,232021,132317,67884,64433,58072,29097,28975,233684,119605,114079,27030,13486,13544,22497,11507,10990
Mid,2030,203007,000,State of Texas,21,21 yrs,475887,243195,232692,133381,68318,65063,58634,29677,28957,234617,120334,114283,27250,13690,13560,22005,11176,10829
Mid,2030,203007,000,State of Texas,22,22 yrs,490923,250170,240753,137158,70047,67111,60469,30451,30018,242309,124101,118208,28583,14262,14321,22404,11309,11095
Mid,2030,203007,000,State of Texas,23,23 yrs,488910,248960,239950,137816,70484,67332,60881,30678,30203,240145,122556,117589,28049,13974,14075,22019,11268,10751
Mid,2030,203007,000,State of Texas,24,24 yrs,482632,246225,236407,137202,70454,66748,59417,29663,29754,235907,121118,114789,28690,14129,14561,21416,10861,10555
Mid,2030,203007,000,State of Texas,25,25 yrs,489268,249912,239356,139339,71492,67847,60115,30121,29994,238715,123042,115673,29849,14626,15223,21250,10631,10619
Mid,2030,203007,000,State of Texas,26,26 yrs,488642,248925,239717,141119,72177,68942,59995,30026,29969,236247,121290,114957,30329,14869,15460,20952,10563,10389
Mid,2030,203007,000,State of Texas,27,27 yrs,484608,246531,238077,140575,72026,68549,59731,29798,29933,233765,119938,113827,30593,14700,15893,19944,10069,9875
Mid,2030,203007,000,State of Texas,28,28 yrs,492607,250344,242263,142725,73112,69613,64678,31765,32913,232542,119889,112653,32740,15663,17077,19922,9915,10007
Mid,2030,203007,000,State of Texas,29,29 yrs,500435,251644,248791,149631,75813,73818,65224,31617,33607,230830,117680,113150,35020,16767,18253,19730,9767,9963
Mid,2030,203007,000,State of Texas,30,30 yrs,499120,252686,246434,153729,78422,75307,65376,31678,33698,227131,116572,110559,34301,16519,17782,18583,9495,9088
Mid,2030,203007,000,State of Texas,31,31 yrs,478874,242300,236574,148995,75911,73084,62097,30215,31882,216874,111232,105642,33437,16193,17244,17471,8749,8722
Mid,2030,203007,000,State of Texas,32,32 yrs,466983,236855,230128,145747,74387,71360,60581,29461,31120,209760,108054,101706,33872,16471,17401,17023,8482,8541
Mid,2030,203007,000,State of Texas,33,33 yrs,460802,233568,227234,146476,74741,71735,59282,28650,30632,205001,105885,99116,33887,16256,17631,16156,8036,8120
Mid,2030,203007,000,State of Texas,34,34 yrs,461257,232708,228549,148224,75265,72959,59322,28620,30702,202992,104206,98786,33968,16366,17602,16751,8251,8500
Mid,2030,203007,000,State of Texas,35,35 yrs,476942,241202,235740,154841,79034,75807,62547,29937,32610,209179,107712,101467,34021,16366,17655,16354,8153,8201
Mid,2030,203007,000,State of Texas,36,36 yrs,460341,230991,229350,150617,76538,74079,60841,29135,31706,198965,101295,97670,33840,16232,17608,16078,7791,8287
Mid,2030,203007,000,State of Texas,37,37 yrs,462845,232243,230602,152587,77609,74978,61652,29351,32301,197776,100668,97108,34792,16790,18002,16038,7825,8213
Mid,2030,203007,000,State of Texas,38,38 yrs,469153,235130,234023,158588,80698,77890,62237,29521,32716,197382,100391,96991,35003,16702,18301,15943,7818,8125
Mid,2030,203007,000,State of Texas,39,39 yrs,463693,231773,231920,160275,81429,78846,61237,28950,32287,190840,96868,93972,35045,16672,18373,16296,7854,8442
Mid,2030,203007,000,State of Texas,40,40 yrs,494444,248012,246432,171854,87439,84415,65184,30863,34321,203617,103948,99669,36870,17597,19273,16919,8165,8754
Mid,2030,203007,000,State of Texas,41,41 yrs,443679,220216,223463,158220,80368,77852,57832,27229,30603,176237,88308,87929,35505,16705,18800,15885,7606,8279
Mid,2030,203007,000,State of Texas,42,42 yrs,448037,222858,225179,160441,81365,79076,57405,26832,30573,179538,90686,88852,35086,16511,18575,15567,7464,8103
Mid,2030,203007,000,State of Texas,43,43 yrs,439488,217956,221532,159166,80524,78642,55355,26230,29125,175253,87637,87616,34175,16245,17930,15539,7320,8219
Mid,2030,203007,000,State of Texas,44,44 yrs,439408,217746,221662,160931,81479,79452,55266,25964,29302,173265,86506,86759,34876,16573,18303,15070,7224,7846
Mid,2030,203007,000,State of Texas,45,45 yrs,462664,230781,231883,168753,86088,82665,57507,27407,30100,184787,92629,92158,36148,17353,18795,15469,7304,8165
Mid,2030,203007,000,State of Texas,46,46 yrs,426467,210543,215924,156434,79313,77121,52996,24874,28122,167507,82898,84609,34723,16493,18230,14807,6965,7842
Mid,2030,203007,000,State of Texas,47,47 yrs,429596,211990,217606,158339,80520,77819,53611,25318,28293,168397,82685,85712,34202,16317,17885,15047,7150,7897
Mid,2030,203007,000,State of Texas,48,48 yrs,426503,210058,216445,156946,79593,77353,52443,24641,27802,169191,83257,85934,33330,15771,17559,14593,6796,7797
Mid,2030,203007,000,State of Texas,49,49 yrs,419838,206212,213626,154733,78585,76148,52873,24678,28195,165151,80699,84452,32166,15261,16905,14915,6989,7926
Mid,2030,203007,000,State of Texas,50,50 yrs,445313,220585,224728,160896,81649,79247,56351,26605,29746,180427,89842,90585,32926,15543,17383,14713,6946,7767
Mid,2030,203007,000,State of Texas,51,51 yrs,386449,189725,196724,142166,72188,69978,49175,23085,26090,151338,73770,77568,30045,14239,15806,13725,6443,7282
Mid,2030,203007,000,State of Texas,52,52 yrs,387162,189107,198055,142212,71616,70596,47448,22301,25147,155270,75249,80021,28783,13746,15037,13449,6195,7254
Mid,2030,203007,000,State of Texas,53,53 yrs,377369,184688,192681,137694,69443,68251,45979,21738,24241,151941,73666,78275,28722,13700,15022,13033,6141,6892
Mid,2030,203007,000,State of Texas,54,54 yrs,370444,181202,189242,134971,68403,66568,44815,20847,23968,149032,72213,76819,29143,13969,15174,12483,5770,6713
Mid,2030,203007,000,State of Texas,55,55 yrs,391870,193392,198478,143398,72486,70912,46374,22185,24189,159280,78229,81051,29983,14488,15495,12835,6004,6831
Mid,2030,203007,000,State of Texas,56,56 yrs,359756,175570,184186,133726,67295,66431,43818,20617,23201,142545,68743,73802,28020,13446,14574,11647,5469,6178
Mid,2030,203007,000,State of Texas,57,57 yrs,364446,177466,186980,137447,69070,68377,44937,21029,23908,141671,68236,73435,28074,13418,14656,12317,5713,6604
Mid,2030,203007,000,State of Texas,58,58 yrs,373842,181749,192093,147668,74103,73565,45190,21131,24059,141111,67574,73537,27589,13129,14460,12284,5812,6472
Mid,2030,203007,000,State of Texas,59,59 yrs,382377,185916,196461,158239,79253,78986,46665,21817,24848,138131,66125,72006,26591,12759,13832,12751,5962,6789
Mid,2030,203007,000,State of Texas,60,60 yrs,390909,191282,199627,161601,80911,80690,46386,21662,24724,143825,70111,73714,26617,12705,13912,12480,5893,6587
Mid,2030,203007,000,State of Texas,61,61 yrs,345820,167853,177967,145618,72524,73094,40837,19001,21836,124013,59655,64358,24148,11472,12676,11204,5201,6003
Mid,2030,203007,000,State of Texas,62,62 yrs,335848,162963,172885,140211,69957,70254,40457,18935,21522,122134,58525,63609,22381,10670,11711,10665,4876,5789
Mid,2030,203007,000,State of Texas,63,63 yrs,328206,158772,169434,139871,69229,70642,40015,18423,21592,117011,56456,60555,20812,9908,10904,10497,4756,5741
Mid,2030,203007,000,State of Texas,64,64 yrs,331150,160242,170908,142300,70254,72046,40743,18738,22005,116641,56440,60201,20981,10051,10930,10485,4759,5726
Mid,2030,203007,000,State of Texas,65,65 yrs,351948,169938,182010,158337,77932,80405,42480,19359,23121,119225,57624,61601,20829,9951,10878,11077,5072,6005
Mid,2030,203007,000,State of Texas,66,66 yrs,339457,162724,176733,158991,77618,81373,39834,17949,21885,109375,52582,56793,20066,9501,10565,11191,5074,6117
Mid,2030,203007,000,State of Texas,67,67 yrs,334887,159678,175209,160863,78293,82570,39058,17548,21510,104799,49878,54921,18944,8874,10070,11223,5085,6138
Mid,2030,203007,000,State of Texas,68,68 yrs,327703,155950,171753,161715,78348,83367,37734,16949,20785,100228,47806,52422,17081,7978,9103,10945,4869,6076
Mid,2030,203007,000,State of Texas,69,69 yrs,322624,152540,170084,161434,78028,83406,37379,16630,20749,96515,45603,50912,16741,7649,9092,10555,4630,5925
Mid,2030,203007,000,State of Texas,70,70 yrs,325765,153960,171805,165192,79568,85624,36884,16365,20519,96910,45932,50978,16542,7424,9118,10237,4671,5566
Mid,2030,203007,000,State of Texas,71,71 yrs,297522,139502,158020,154353,74071,80282,33791,14887,18904,84708,39671,45037,15031,6592,8439,9639,4281,5358
Mid,2030,203007,000,State of Texas,72,72 yrs,293423,136466,156957,154632,73588,81044,32453,14187,18266,82556,38197,44359,14299,6219,8080,9483,4275,5208
Mid,2030,203007,000,State of Texas,73,73 yrs,278070,127620,150450,147520,69225,78295,30483,13108,17375,77326,35505,41821,13692,5854,7838,9049,3928,5121
Mid,2030,203007,000,State of Texas,74,74 yrs,264364,121160,143204,141520,66268,75252,28614,12345,16269,72825,33282,39543,13045,5583,7462,8360,3682,4678
Mid,2030,203007,000,State of Texas,75,75 yrs,260793,118932,141861,141653,66156,75497,27643,11681,15962,70885,32189,38696,12555,5363,7192,8057,3543,4514
Mid,2030,203007,000,State of Texas,76,76 yrs,234326,105053,129273,130148,59693,70455,23887,9940,13947,61946,27593,34353,11170,4758,6412,7175,3069,4106
Mid,2030,203007,000,State of Texas,77,77 yrs,223303,99977,123326,125084,57499,67585,22331,9208,13123,58360,25871,32489,10903,4579,6324,6625,2820,3805
Mid,2030,203007,000,State of Texas,78,78 yrs,206429,91917,114512,117417,53721,63696,20297,8131,12166,53304,23518,29786,9498,3907,5591,5913,2640,3273
Mid,2030,203007,000,State of Texas,79,79 yrs,190485,83757,106728,106612,48228,58384,19081,7474,11607,50181,21983,28198,9260,3770,5490,5351,2302,3049
Mid,2030,203007,000,State of Texas,80,80 yrs,185109,80976,104133,105205,47431,57774,17507,6903,10604,48104,20840,27264,9167,3735,5432,5126,2067,3059
Mid,2030,203007,000,State of Texas,81,81 yrs,165726,72080,93646,96744,43198,53546,15239,5974,9265,41617,17867,23750,7576,3136,4440,4550,1905,2645
Mid,2030,203007,000,State of Texas,82,82 yrs,160570,70001,90569,96723,43263,53460,13593,5300,8293,39016,16793,22223,6880,2781,4099,4358,1864,2494
Mid,2030,203007,000,State of Texas,83,83 yrs,147651,63687,83964,91324,40506,50818,11601,4473,7128,34901,14693,20208,5926,2432,3494,3899,1583,2316
Mid,2030,203007,000,State of Texas,84,84 yrs,108688,46285,62403,62978,27733,35245,9091,3369,5722,28947,12011,16936,4894,2039,2855,2778,1133,1645
Mid,2030,203007,000,State of Texas,85,85 yrs,102788,43090,59698,61146,26259,34887,8257,2996,5261,26344,10894,15450,4451,1886,2565,2590,1055,1535
Mid,2030,203007,000,State of Texas,86,86 yrs,92197,37966,54231,56681,24045,32636,7091,2531,4560,22541,9028,13513,3556,1464,2092,2328,898,1430
Mid,2030,203007,000,State of Texas,87,87 yrs,80620,32984,47636,50354,21129,29225,6197,2249,3948,18971,7491,11480,3104,1309,1795,1994,806,1188
Mid,2030,203007,000,State of Texas,88,88 yrs,66563,26779,39784,40950,16945,24005,5108,1794,3314,16309,6353,9956,2615,1076,1539,1581,611,970
Mid,2030,203007,000,State of Texas,89,89 yrs,56289,22185,34104,34483,13955,20528,4360,1460,2900,14003,5389,8614,2140,863,1277,1303,518,785
Mid,2030,203007,000,State of Texas,90,90 yrs,48022,18508,29514,29016,11414,17602,3716,1204,2512,12360,4758,7602,1893,761,1132,1037,371,666
Mid,2030,203007,000,State of Texas,91,91 yrs,39090,14813,24277,24064,9357,14707,2890,956,1934,9765,3619,6146,1469,580,889,902,301,601
Mid,2030,203007,000,State of Texas,92,92 yrs,32945,12259,20686,20265,7721,12544,2424,775,1649,8344,3025,5319,1189,471,718,723,267,456
Mid,2030,203007,000,State of Texas,93,93 yrs,26407,9610,16797,16087,6039,10048,1988,618,1370,6840,2387,4453,908,356,552,584,210,374
Mid,2030,203007,000,State of Texas,94,94 yrs,21712,7687,14025,13440,4906,8534,1607,487,1120,5469,1867,3602,739,272,467,457,155,302
Mid,2030,203007,000,State of Texas,95,95+ yrs,66770,22210,44560,42027,14244,27783,5124,1416,3708,16241,5381,10860,2024,723,1301,1354,446,908
Mid,2031,203107,000,State of Texas,-1,All Ages,33916964,16752597,17164367,12012064,5960470,6051594,4110933,1965625,2145308,14256436,7116633,7139803,2144029,1029963,1114066,1393502,679906,713596
Mid,2031,203107,000,State of Texas,0,< 1 yr,412336,210292,202044,105421,53765,51656,48635,24804,23831,210754,107485,103269,16297,8311,7986,31229,15927,15302
Mid,2031,203107,000,State of Texas,1,1 yr,412718,210371,202347,106095,54097,51998,48825,24880,23945,211007,107532,103475,16586,8462,8124,30205,15400,14805
Mid,2031,203107,000,State of Texas,2,2 yrs,413564,210762,202802,107057,54597,52460,49125,25021,24104,211168,107572,103596,16932,8644,8288,29282,14928,14354
Mid,2031,203107,000,State of Texas,3,3 yrs,414052,211012,203040,108052,55118,52934,49391,25148,24243,210937,107448,103489,17290,8827,8463,28382,14471,13911
Mid,2031,203107,000,State of Texas,4,4 yrs,414136,211054,203082,109047,55631,53416,49634,25263,24371,210327,107139,103188,17636,9003,8633,27492,14018,13474
Mid,2031,203107,000,State of Texas,5,5 yrs,413890,210928,202962,110000,56119,53881,49803,25341,24462,209511,106732,102779,17965,9166,8799,26611,13570,13041
Mid,2031,203107,000,State of Texas,6,6 yrs,413850,210921,202929,111043,56662,54381,49987,25431,24556,208799,106384,102415,18264,9310,8954,25757,13134,12623
Mid,2031,203107,000,State of Texas,7,7 yrs,413493,210765,202728,112006,57159,54847,50097,25485,24612,207971,105994,101977,18520,9431,9089,24899,12696,12203
Mid,2031,203107,000,State of Texas,8,8 yrs,413210,210663,202547,112946,57640,55306,50198,25533,24665,207263,105683,101580,18752,9542,9210,24051,12265,11786
Mid,2031,203107,000,State of Texas,9,9 yrs,411545,209801,201744,113685,58025,55660,50193,25552,24641,205937,104945,100992,18577,9471,9106,23153,11808,11345
Mid,2031,203107,000,State of Texas,10,10 yrs,410952,209543,201409,114441,58414,56027,50095,25498,24597,205371,104702,100669,18765,9563,9202,22280,11366,10914
Mid,2031,203107,000,State of Texas,11,11 yrs,381452,194398,187054,105594,54045,51549,46711,23591,23120,185190,94260,90930,22683,11655,11028,21274,10847,10427
Mid,2031,203107,000,State of Texas,12,12 yrs,388464,197663,190801,109573,56123,53450,48142,24264,23878,187175,95066,92109,22896,11683,11213,20678,10527,10151
Mid,2031,203107,000,State of Texas,13,13 yrs,403217,205151,198066,112766,57663,55103,50239,25529,24710,194407,98784,95623,24226,12203,12023,21579,10972,10607
Mid,2031,203107,000,State of Texas,14,14 yrs,419917,214202,205715,118623,60688,57935,51288,26105,25183,202628,103128,99500,25451,12970,12481,21927,11311,10616
Mid,2031,203107,000,State of Texas,15,15 yrs,436170,222151,214019,124222,63523,60699,53011,26635,26376,210762,107518,103244,25756,13109,12647,22419,11366,11053
Mid,2031,203107,000,State of Texas,16,16 yrs,445777,227798,217979,125595,64505,61090,54267,27463,26804,216376,110701,105675,26720,13627,13093,22819,11502,11317
Mid,2031,203107,000,State of Texas,17,17 yrs,443436,226481,216955,125834,64544,61290,53819,27409,26410,215512,110014,105498,26290,13355,12935,21981,11159,10822
Mid,2031,203107,000,State of Texas,18,18 yrs,444608,226500,218108,126113,64138,61975,53631,27096,26535,215275,109994,105281,27621,14281,13340,21968,10991,10977
Mid,2031,203107,000,State of Texas,19,19 yrs,446902,228016,218886,126004,64044,61960,54461,27606,26855,217699,111740,105959,27151,13662,13489,21587,10964,10623
Mid,2031,203107,000,State of Texas,20,20 yrs,453470,231883,221587,128543,65895,62648,55642,28183,27459,220611,113346,107265,27280,13589,13691,21394,10870,10524
Mid,2031,203107,000,State of Texas,21,21 yrs,478697,244103,234594,133401,68414,64987,59008,29494,29514,235716,120718,114998,28041,13955,14086,22531,11522,11009
Mid,2031,203107,000,State of Texas,22,22 yrs,481113,245774,235339,134483,68860,65623,59586,30085,29501,236702,121456,115246,28305,14183,14122,22037,11190,10847
Mid,2031,203107,000,State of Texas,23,23 yrs,496272,252770,243502,138263,70596,67667,61443,30862,30581,244405,125190,119215,29724,14797,14927,22437,11325,11112
Mid,2031,203107,000,State of Texas,24,24 yrs,494416,251609,242807,138926,71036,67890,61867,31092,30775,242323,123678,118645,29240,14516,14724,22060,11287,10773
Mid,2031,203107,000,State of Texas,25,25 yrs,488349,248949,239400,138336,71015,67321,60401,30068,30333,238232,122326,115906,29920,14660,15260,21460,10880,10580
Mid,2031,203107,000,State of Texas,26,26 yrs,495171,252731,242440,140486,72055,68431,61104,30520,30584,241184,124366,116818,31105,15142,15963,21292,10648,10644
Mid,2031,203107,000,State of Texas,27,27 yrs,494660,251790,242870,142293,72756,69537,60996,30430,30566,238791,122664,116127,31579,15354,16225,21001,10586,10415
Mid,2031,203107,000,State of Texas,28,28 yrs,490592,249371,241221,141749,72602,69147,60720,30197,30523,236292,121309,114983,31841,15174,16667,19990,10089,9901
Mid,2031,203107,000,State of Texas,29,29 yrs,498572,253186,245386,143922,73698,70224,65701,32178,33523,235040,121245,113795,33945,16130,17815,19964,9935,10029
Mid,2031,203107,000,State of Texas,30,30 yrs,506361,254483,251878,150861,76421,74440,66281,32050,34231,233260,118995,114265,36185,17230,18955,19774,9787,9987
Mid,2031,203107,000,State of Texas,31,31 yrs,504844,255481,249363,154933,79023,75910,66403,32099,34304,229480,117868,111612,35396,16974,18422,18632,9517,9115
Mid,2031,203107,000,State of Texas,32,32 yrs,484249,244948,239301,150139,76484,73655,63072,30625,32447,219045,112437,106608,34477,16631,17846,17516,8771,8745
Mid,2031,203107,000,State of Texas,33,33 yrs,472053,239337,232716,146858,74947,71911,61520,29857,31663,211737,109138,102599,34874,16894,17980,17064,8501,8563
Mid,2031,203107,000,State of Texas,34,34 yrs,465611,235896,229715,147555,75278,72277,60190,29031,31159,206827,106875,99952,34844,16659,18185,16195,8053,8142
Mid,2031,203107,000,State of Texas,35,35 yrs,465812,234889,230923,149279,75795,73484,60212,28987,31225,204663,105096,99567,34868,16740,18128,16790,8271,8519
Mid,2031,203107,000,State of Texas,36,36 yrs,480447,243061,237386,155279,79281,75998,62994,30151,32843,210788,108591,102197,34997,16870,18127,16389,8168,8221
Mid,2031,203107,000,State of Texas,37,37 yrs,463498,232646,230852,151030,76773,74257,61261,29334,31927,200336,102026,98310,34761,16708,18053,16110,7805,8305
Mid,2031,203107,000,State of Texas,38,38 yrs,465640,233666,231974,152960,77818,75142,62045,29534,32511,198933,101256,97677,35635,17222,18413,16067,7836,8231
Mid,2031,203107,000,State of Texas,39,39 yrs,471642,236344,235298,158922,80884,78038,62602,29688,32914,198379,100857,97522,35768,17086,18682,15971,7829,8142
Mid,2031,203107,000,State of Texas,40,40 yrs,465919,232823,233096,160586,81602,78984,61575,29102,32473,191684,97232,94452,35754,17025,18729,16320,7862,8458
Mid,2031,203107,000,State of Texas,41,41 yrs,496404,248896,247508,172114,87585,84529,65484,30993,34491,204339,104228,100111,37528,17919,19609,16939,8171,8768
Mid,2031,203107,000,State of Texas,42,42 yrs,445490,221020,224470,158458,80506,77952,58112,27351,30761,176879,88534,88345,36136,17016,19120,15905,7613,8292
Mid,2031,203107,000,State of Texas,43,43 yrs,449677,223574,226103,160646,81485,79161,57653,26942,30711,180112,90865,89247,35682,16813,18869,15584,7469,8115
Mid,2031,203107,000,State of Texas,44,44 yrs,441011,218636,222375,159341,80630,78711,55584,26330,29254,175789,87807,87982,34746,16546,18200,15551,7323,8228
Mid,2031,203107,000,State of Texas,45,45 yrs,440812,218383,222429,161065,81560,79505,55463,26053,29410,173778,86677,87101,35426,16868,18558,15080,7225,7855
Mid,2031,203107,000,State of Texas,46,46 yrs,463842,231301,232541,168836,86139,82697,57672,27474,30198,185196,92750,92446,36662,17634,19028,15476,7304,8172
Mid,2031,203107,000,State of Texas,47,47 yrs,427454,210974,216480,156483,79346,77137,53143,24934,28209,167821,82981,84840,35197,16750,18447,14810,6963,7847
Mid,2031,203107,000,State of Texas,48,48 yrs,430336,212281,218055,158335,80517,77818,53722,25355,28367,168611,82723,85888,34625,16543,18082,15043,7143,7900
Mid,2031,203107,000,State of Texas,49,49 yrs,427021,210233,216788,156887,79552,77335,52521,24661,27860,169331,83272,86059,33694,15959,17735,14588,6789,7799
Mid,2031,203107,000,State of Texas,50,50 yrs,420148,206274,213874,154622,78510,76112,52911,24674,28237,165237,80697,84540,32472,15412,17060,14906,6981,7925
Mid,2031,203107,000,State of Texas,51,51 yrs,445363,220482,224881,160704,81523,79181,56343,26573,29770,180424,89782,90642,33196,15672,17524,14696,6932,7764
Mid,2031,203107,000,State of Texas,52,52 yrs,386516,189632,196884,141985,72067,69918,49172,23054,26118,151343,73722,77621,30310,14361,15949,13706,6428,7278
Mid,2031,203107,000,State of Texas,53,53 yrs,387095,188916,198179,141980,71461,70519,47428,22258,25170,155220,75164,80056,29042,13856,15186,13425,6177,7248
Mid,2031,203107,000,State of Texas,54,54 yrs,377208,184435,192773,137421,69266,68155,45946,21686,24260,151847,73556,78291,28987,13805,15182,13007,6122,6885
Mid,2031,203107,000,State of Texas,55,55 yrs,370153,180860,189293,134644,68186,66458,44759,20779,23980,148880,72068,76812,29418,14079,15339,12452,5748,6704
Mid,2031,203107,000,State of Texas,56,56 yrs,391312,192870,198442,142963,72205,70758,46280,22088,24192,159021,78004,81017,30253,14596,15657,12795,5977,6818
Mid,2031,203107,000,State of Texas,57,57 yrs,359182,175041,184141,133269,67001,66268,43709,20517,23192,142308,68527,73781,28287,13554,14733,11609,5442,6167
Mid,2031,203107,000,State of Texas,58,58 yrs,363656,176809,186847,136900,68722,68178,44791,20908,23883,141368,67974,73394,28329,13525,14804,12268,5680,6588
Mid,2031,203107,000,State of Texas,59,59 yrs,372772,180937,191835,146977,73669,73308,45010,20992,24018,140724,67268,73456,27835,13235,14600,12226,5773,6453
Mid,2031,203107,000,State of Texas,60,60 yrs,381017,184934,196083,157403,78728,78675,46433,21649,24784,137664,65774,71890,26836,12867,13969,12681,5916,6765
Mid,2031,203107,000,State of Texas,61,61 yrs,389180,190077,199103,160619,80292,80327,46104,21463,24641,143202,69672,73530,26852,12808,14044,12403,5842,6561
Mid,2031,203107,000,State of Texas,62,62 yrs,344176,166713,177463,144666,71927,72739,40569,18810,21759,123434,59250,64184,24379,11574,12805,11128,5152,5976
Mid,2031,203107,000,State of Texas,63,63 yrs,333976,161684,172292,139183,69313,69870,40142,18713,21429,121469,58071,63398,22596,10761,11835,10586,4826,5760
Mid,2031,203107,000,State of Texas,64,64 yrs,326064,157335,168729,138733,68520,70213,39649,18176,21473,116283,55963,60320,20990,9975,11015,10409,4701,5708
Mid,2031,203107,000,State of Texas,65,65 yrs,328640,158589,170051,141010,69456,71554,40314,18453,21861,115815,55889,59926,21115,10092,11023,10386,4699,5687
Mid,2031,203107,000,State of Texas,66,66 yrs,348153,167531,180622,156445,76761,79684,41828,18960,22868,118113,56917,61196,20784,9881,10903,10983,5012,5971
Mid,2031,203107,000,State of Texas,67,67 yrs,335380,160182,175198,156914,76350,80564,39164,17547,21617,108248,51870,56378,19971,9408,10563,11083,5007,6076
Mid,2031,203107,000,State of Texas,68,68 yrs,330471,156956,173515,158589,76913,81676,38355,17127,21228,103618,49143,54475,18807,8762,10045,11102,5011,6091
Mid,2031,203107,000,State of Texas,69,69 yrs,322998,153083,169915,159243,76861,82382,36999,16512,20487,99002,47046,51956,16940,7873,9067,10814,4791,6023
Mid,2031,203107,000,State of Texas,70,70 yrs,317596,149509,168087,158780,76442,82338,36600,16172,20428,95235,44815,50420,16565,7531,9034,10416,4549,5867
Mid,2031,203107,000,State of Texas,71,71 yrs,320255,150661,169594,162248,77825,84423,36058,15883,20175,95522,45073,50449,16339,7298,9041,10088,4582,5506
Mid,2031,203107,000,State of Texas,72,72 yrs,292045,136271,155774,151357,72319,79038,32981,14420,18561,83397,38870,44527,14824,6470,8354,9486,4192,5294
Mid,2031,203107,000,State of Texas,73,73 yrs,287496,133034,154462,151349,71698,79651,31612,13710,17902,81145,37357,43788,14076,6092,7984,9314,4177,5137
Mid,2031,203107,000,State of Texas,74,74 yrs,271864,124101,147763,144063,67268,76795,29628,12634,16994,75855,34651,41204,13449,5719,7730,8869,3829,5040
Mid,2031,203107,000,State of Texas,75,75 yrs,257921,117553,140368,137897,64243,73654,27747,11868,15879,71312,32418,38894,12789,5443,7346,8176,3581,4595
Mid,2031,203107,000,State of Texas,76,76 yrs,253840,115084,138756,137679,63952,73727,26740,11196,15544,69283,31286,37997,12276,5214,7062,7862,3436,4426
Mid,2031,203107,000,State of Texas,77,77 yrs,227455,101318,126137,126124,57499,68625,23043,9494,13549,60411,26747,33664,10893,4611,6282,6984,2967,4017
Mid,2031,203107,000,State of Texas,78,78 yrs,216030,96067,119963,120786,55170,65616,21466,8759,12707,56759,25003,31756,10593,4419,6174,6426,2716,3710
Mid,2031,203107,000,State of Texas,79,79 yrs,198975,87975,111000,112938,51325,61613,19441,7703,11738,51686,22658,29028,9197,3757,5440,5713,2532,3181
Mid,2031,203107,000,State of Texas,80,80 yrs,182898,79823,103075,102117,45864,56253,18205,7049,11156,48501,21106,27395,8926,3606,5320,5149,2198,2951
Mid,2031,203107,000,State of Texas,81,81 yrs,176889,76766,100123,100250,44849,55401,16621,6475,10146,46315,19925,26390,8792,3553,5239,4911,1964,2947
Mid,2031,203107,000,State of Texas,82,82 yrs,157506,67917,89589,91651,40577,51074,14394,5573,8821,39897,17003,22894,7228,2965,4263,4336,1799,2537
Mid,2031,203107,000,State of Texas,83,83 yrs,151639,65477,86162,91022,40324,50698,12764,4910,7854,37207,15887,21320,6522,2610,3912,4124,1746,2378
Mid,2031,203107,000,State of Texas,84,84 yrs,138514,59123,79391,85345,37457,47888,10830,4117,6713,33094,13812,19282,5580,2265,3315,3665,1472,2193
Mid,2031,203107,000,State of Texas,85,85 yrs,101240,42624,58616,58396,25421,32975,8427,3076,5351,27254,11201,16053,4570,1881,2689,2593,1045,1548
Mid,2031,203107,000,State of Texas,86,86 yrs,94961,39323,55638,56239,23852,32387,7596,2712,4884,24608,10071,14537,4121,1724,2397,2397,964,1433
Mid,2031,203107,000,State of Texas,87,87 yrs,84452,34326,50126,51690,21642,30048,6471,2272,4199,20886,8271,12615,3267,1327,1940,2138,814,1324
Mid,2031,203107,000,State of Texas,88,88 yrs,73139,29515,43624,45484,18825,26659,5603,1999,3604,17416,6794,10622,2824,1175,1649,1812,722,1090
Mid,2031,203107,000,State of Texas,89,89 yrs,59776,23708,36068,36604,14932,21672,4573,1578,2995,14818,5699,9119,2357,956,1401,1424,543,881
Mid,2031,203107,000,State of Texas,90,90 yrs,49987,19412,30575,30478,12153,18325,3863,1270,2593,12579,4777,7802,1906,757,1149,1161,455,706
Mid,2031,203107,000,State of Texas,91,91 yrs,42133,15995,26138,25336,9816,15520,3255,1035,2220,10963,4163,6800,1665,659,1006,914,322,592
Mid,2031,203107,000,State of Texas,92,92 yrs,33840,12629,21211,20733,7939,12794,2501,813,1688,8546,3123,5423,1276,496,780,784,258,526
Mid,2031,203107,000,State of Texas,93,93 yrs,28113,10301,17812,17211,6457,10754,2070,650,1420,7193,2570,4623,1019,398,621,620,226,394
Mid,2031,203107,000,State of Texas,94,94 yrs,22185,7949,14236,13452,4973,8479,1673,511,1162,5801,1995,3806,767,296,471,492,174,318
Mid,2031,203107,000,State of Texas,95,95+ yrs,69631,23286,46345,43479,14864,28615,5336,1493,3843,17180,5674,11506,2196,783,1413,1440,472,968
Mid,2032,203207,000,State of Texas,-1,All Ages,34284631,16935143,17349488,12010836,5959555,6051281,4163678,1990271,2173407,14494249,7237698,7256551,2194430,1053618,1140812,1421438,694001,727437
Mid,2032,203207,000,State of Texas,0,< 1 yr,414419,211353,203066,104875,53486,51389,48753,24864,23889,211953,108096,103857,16632,8482,8150,32206,16425,15781
Mid,2032,203207,000,State of Texas,1,1 yr,415040,211557,203483,105527,53811,51716,48965,24951,24014,212444,108265,104179,16927,8635,8292,31177,15895,15282
Mid,2032,203207,000,State of Texas,2,2 yrs,416331,212176,204155,106501,54310,52191,49319,25121,24198,212972,108497,104475,17281,8821,8460,30258,15427,14831
Mid,2032,203207,000,State of Texas,3,3 yrs,417073,212549,204524,107488,54827,52661,49643,25276,24367,212970,108485,104485,17627,8999,8628,29345,14962,14383
Mid,2032,203207,000,State of Texas,4,4 yrs,417387,212711,204676,108463,55336,53127,49902,25398,24504,212618,108307,104311,17961,9167,8794,28443,14503,13940
Mid,2032,203207,000,State of Texas,5,5 yrs,417402,212721,204681,109441,55837,53604,50132,25509,24623,211998,108000,103998,18278,9325,8953,27553,14050,13503
Mid,2032,203207,000,State of Texas,6,6 yrs,417128,212592,204536,110391,56325,54066,50295,25586,24709,211196,107611,103585,18569,9465,9104,26677,13605,13072
Mid,2032,203207,000,State of Texas,7,7 yrs,417062,212587,204475,111418,56861,54557,50470,25672,24798,210519,107297,103222,18832,9589,9243,25823,13168,12655
Mid,2032,203207,000,State of Texas,8,8 yrs,416674,212424,204250,112370,57350,55020,50567,25719,24848,209711,106927,102784,19063,9699,9364,24963,12729,12234
Mid,2032,203207,000,State of Texas,9,9 yrs,416379,212323,204056,113301,57823,55478,50661,25763,24898,209025,106638,102387,19278,9802,9476,24114,12297,11817
Mid,2032,203207,000,State of Texas,10,10 yrs,414745,211465,203280,114022,58197,55825,50674,25793,24881,207763,105920,101843,19070,9714,9356,23216,11841,11375
Mid,2032,203207,000,State of Texas,11,11 yrs,414036,211148,202888,114773,58581,56192,50561,25728,24833,207116,105638,101478,19248,9805,9443,22338,11396,10942
Mid,2032,203207,000,State of Texas,12,12 yrs,384535,195998,188537,105942,54220,51722,47167,23815,23352,186932,95190,91742,23160,11895,11265,21334,10878,10456
Mid,2032,203207,000,State of Texas,13,13 yrs,391538,199267,192271,109924,56299,53625,48603,24491,24112,188917,96003,92914,23357,11917,11440,20737,10557,10180
Mid,2032,203207,000,State of Texas,14,14 yrs,406352,206778,199574,113128,57840,55288,50709,25758,24951,196184,99741,96443,24691,12437,12254,21640,11002,10638
Mid,2032,203207,000,State of Texas,15,15 yrs,423185,215885,207300,119023,60880,58143,51770,26337,25433,204447,104106,100341,25954,13219,12735,21991,11343,10648
Mid,2032,203207,000,State of Texas,16,16 yrs,439679,223940,215739,124688,63740,60948,53538,26885,26653,212659,108543,104116,26313,13376,12937,22481,11396,11085
Mid,2032,203207,000,State of Texas,17,17 yrs,449636,229765,219871,126123,64748,61375,54841,27731,27110,218399,111810,106589,27391,13943,13448,22882,11533,11349
Mid,2032,203207,000,State of Texas,18,18 yrs,447703,228654,219049,126440,64823,61617,54448,27701,26747,217662,111206,106456,27102,13732,13370,22051,11192,10859
Mid,2032,203207,000,State of Texas,19,19 yrs,449388,228890,220498,127125,64639,62486,54540,27487,27053,217233,111095,106138,28479,14658,13821,22011,11011,11000
Mid,2032,203207,000,State of Texas,20,20 yrs,451895,230506,221389,127040,64551,62489,55391,28006,27385,219725,112871,106854,28116,14098,14018,21623,10980,10643
Mid,2032,203207,000,State of Texas,21,21 yrs,458603,234442,224161,129617,66422,63195,56578,28582,27996,222681,114491,108190,28298,14061,14237,21429,10886,10543
Mid,2032,203207,000,State of Texas,22,22 yrs,483931,246692,237239,134488,68951,65537,59954,29901,30053,237820,121852,115968,29105,14452,14653,22564,11536,11028
Mid,2032,203207,000,State of Texas,23,23 yrs,486453,248378,238075,135561,69395,66166,60547,30492,30055,238830,122570,116260,29446,14716,14730,22069,11205,10864
Mid,2032,203207,000,State of Texas,24,24 yrs,501832,255450,246382,139367,71145,68222,62443,31281,31162,246622,126340,120282,30922,15340,15582,22478,11344,11134
Mid,2032,203207,000,State of Texas,25,25 yrs,500196,254361,245835,140063,71597,68466,62878,31509,31369,244680,124903,119777,30472,15047,15425,22103,11305,10798
Mid,2032,203207,000,State of Texas,26,26 yrs,494319,251805,242514,139484,71578,67906,61416,30477,30939,240744,123678,117066,31173,15175,15998,21502,10897,10605
Mid,2032,203207,000,State of Texas,27,27 yrs,501219,255611,245608,141643,72624,69019,62114,30927,31187,243757,125759,117998,32364,15630,16734,21341,10671,10670
Mid,2032,203207,000,State of Texas,28,28 yrs,500704,254656,246048,143467,73330,70137,62001,30838,31163,241359,124054,117305,32830,15828,17002,21047,10606,10441
Mid,2032,203207,000,State of Texas,29,29 yrs,496547,252213,244334,142920,73179,69741,61720,30601,31119,238828,122687,116141,33046,15638,17408,20033,10108,9925
Mid,2032,203207,000,State of Texas,30,30 yrs,504451,256023,248428,145105,74286,70819,66714,32593,34121,237527,122601,114926,35095,16586,18509,20010,9957,10053
Mid,2032,203207,000,State of Texas,31,31 yrs,512166,257317,254849,152073,77023,75050,67319,32475,34844,235663,120323,115340,37287,17686,19601,19824,9810,10014
Mid,2032,203207,000,State of Texas,32,32 yrs,510340,258169,252171,156115,79614,76501,67414,32521,34893,231688,119082,112606,36445,17413,19032,18678,9539,9139
Mid,2032,203207,000,State of Texas,33,33 yrs,489369,247445,241924,151260,77047,74213,64026,31026,33000,221051,113532,107519,35475,17050,18425,17557,8790,8767
Mid,2032,203207,000,State of Texas,34,34 yrs,476915,241692,235223,147949,75495,72454,62444,30245,32199,213590,110140,103450,35829,17295,18534,17103,8517,8586
Mid,2032,203207,000,State of Texas,35,35 yrs,470213,238101,232112,148604,75804,72800,61095,29405,31690,208538,107788,100750,35741,17031,18710,16235,8073,8162
Mid,2032,203207,000,State of Texas,36,36 yrs,469365,236776,232589,149723,76050,73673,60661,29202,31459,206311,105993,100318,35845,17244,18601,16825,8287,8538
Mid,2032,203207,000,State of Texas,37,37 yrs,483604,244707,238897,155680,79507,76173,63408,30346,33062,212190,109335,102855,35906,17338,18568,16420,8181,8239
Mid,2032,203207,000,State of Texas,38,38 yrs,466318,234083,232235,151398,76979,74419,61653,29517,32136,201529,102633,98896,35598,17137,18461,16140,7817,8323
Mid,2032,203207,000,State of Texas,39,39 yrs,468175,234911,233264,153298,78010,75288,62415,29706,32709,199975,101746,98229,36395,17604,18791,16092,7845,8247
Mid,2032,203207,000,State of Texas,40,40 yrs,473888,237401,236487,159226,81053,78173,62944,29843,33101,199253,101235,98018,36468,17432,19036,15997,7838,8159
Mid,2032,203207,000,State of Texas,41,41 yrs,467973,233769,234204,160859,81757,79102,61894,29244,32650,192467,97552,94915,36412,17347,19065,16341,7869,8472
Mid,2032,203207,000,State of Texas,42,42 yrs,498204,249683,248521,172352,87720,84632,65767,31117,34650,204967,104439,100528,38160,18229,19931,16958,8178,8780
Mid,2032,203207,000,State of Texas,43,43 yrs,447215,221788,225427,158677,80637,78040,58382,27472,30910,177493,88737,88756,36740,17323,19417,15923,7619,8304
Mid,2032,203207,000,State of Texas,44,44 yrs,451233,224272,226961,160817,81588,79229,57890,27049,30841,180670,91046,89624,36258,17117,19141,15598,7472,8126
Mid,2032,203207,000,State of Texas,45,45 yrs,442468,219308,223160,159485,80720,78765,55792,26424,29368,176330,87996,88334,35299,16843,18456,15562,7325,8237
Mid,2032,203207,000,State of Texas,46,46 yrs,442086,218970,223116,161165,81623,79542,55644,26131,29513,174242,86836,87406,35947,17154,18793,15088,7226,7862
Mid,2032,203207,000,State of Texas,47,47 yrs,464795,231698,233097,168868,86154,82714,57815,27532,30283,185497,92820,92677,37137,17891,19246,15478,7301,8177
Mid,2032,203207,000,State of Texas,48,48 yrs,428217,211271,216946,156480,79344,77136,53261,24976,28285,168046,83015,85031,35620,16977,18643,14810,6959,7851
Mid,2032,203207,000,State of Texas,49,49 yrs,430886,212474,218412,158278,80479,77799,53804,25377,28427,168774,82749,86025,34992,16733,18259,15038,7136,7902
Mid,2032,203207,000,State of Texas,50,50 yrs,427345,210305,217040,156777,79480,77297,52566,24660,27906,169414,83266,86148,34006,16116,17890,14582,6783,7799
Mid,2032,203207,000,State of Texas,51,51 yrs,420321,206252,214069,154467,78406,76061,52927,24656,28271,165283,80674,84609,32753,15548,17205,14891,6968,7923
Mid,2032,203207,000,State of Texas,52,52 yrs,445319,220312,225007,160479,81373,79106,56319,26530,29789,180385,89698,90687,33461,15796,17665,14675,6915,7760
Mid,2032,203207,000,State of Texas,53,53 yrs,386493,189472,197021,141763,71919,69844,49154,23012,26142,151316,73653,77663,30576,14477,16099,13684,6411,7273
Mid,2032,203207,000,State of Texas,54,54 yrs,386917,188648,198269,141696,71273,70423,47396,22207,25189,155120,75051,80069,29306,13959,15347,13399,6158,7241
Mid,2032,203207,000,State of Texas,55,55 yrs,376923,184097,192826,137096,69055,68041,45893,21616,24277,151694,73409,78285,29266,13918,15348,12974,6099,6875
Mid,2032,203207,000,State of Texas,56,56 yrs,369723,180433,189290,134256,67936,66320,44683,20698,23985,148677,71886,76791,29691,14189,15502,12416,5724,6692
Mid,2032,203207,000,State of Texas,57,57 yrs,390595,192245,198350,142457,71882,70575,46160,21978,24182,158716,77739,80977,30511,14699,15812,12751,5947,6804
Mid,2032,203207,000,State of Texas,58,58 yrs,358438,174418,184020,132747,66671,66076,43574,20402,23172,142012,68273,73739,28539,13660,14879,11566,5412,6154
Mid,2032,203207,000,State of Texas,59,59 yrs,362663,176045,186618,136278,68329,67949,44615,20772,23843,140985,67672,73313,28573,13629,14944,12212,5643,6569
Mid,2032,203207,000,State of Texas,60,60 yrs,371499,180006,191493,146214,73187,73027,44798,20834,23964,140250,66915,73335,28075,13341,14734,12162,5729,6433
Mid,2032,203207,000,State of Texas,61,61 yrs,379438,183831,195607,156481,78149,78332,46165,21459,24706,137114,65384,71730,27074,12973,14101,12604,5866,6738
Mid,2032,203207,000,State of Texas,62,62 yrs,387223,188735,198488,159550,79619,79931,45787,21242,24545,142499,69185,73314,27067,12901,14166,12320,5788,6532
Mid,2032,203207,000,State of Texas,63,63 yrs,342277,165418,176859,143615,71269,72346,40260,18595,21665,122778,58798,63980,24578,11657,12921,11046,5099,5947
Mid,2032,203207,000,State of Texas,64,64 yrs,331833,160243,171590,138061,68611,69450,39780,18465,21315,120726,57571,63155,22766,10824,11942,10500,4772,5728
Mid,2032,203207,000,State of Texas,65,65 yrs,323649,155743,167906,137495,67755,69740,39242,17904,21338,115478,55425,60053,21121,10016,11105,10313,4643,5670
Mid,2032,203207,000,State of Texas,66,66 yrs,325184,156392,168792,139352,68429,70923,39705,18078,21627,114758,55218,59540,21066,10021,11045,10303,4646,5657
Mid,2032,203207,000,State of Texas,67,67 yrs,344011,164941,179070,154418,75520,78898,41134,18541,22593,116904,56154,60750,20676,9780,10896,10879,4946,5933
Mid,2032,203207,000,State of Texas,68,68 yrs,330990,157473,173517,154709,75011,79698,38467,17133,21334,107038,51111,55927,19812,9284,10528,10964,4934,6030
Mid,2032,203207,000,State of Texas,69,69 yrs,325770,154096,171674,156186,75468,80718,37620,16691,20929,102363,48367,53996,18629,8638,9991,10972,4932,6040
Mid,2032,203207,000,State of Texas,70,70 yrs,318013,150078,167935,156648,75313,81335,36236,16063,20173,97702,46244,51458,16755,7751,9004,10672,4707,5965
Mid,2032,203207,000,State of Texas,71,71 yrs,312271,146335,165936,155975,74784,81191,35791,15702,20089,93883,43984,49899,16357,7403,8954,10265,4462,5803
Mid,2032,203207,000,State of Texas,72,72 yrs,314396,147201,167195,159127,75998,83129,35199,15390,19809,94033,44164,49869,16109,7162,8947,9928,4487,5441
Mid,2032,203207,000,State of Texas,73,73 yrs,286197,132876,153321,148173,70477,77696,32137,13942,18195,81976,38022,43954,14592,6338,8254,9319,4097,5222
Mid,2032,203207,000,State of Texas,74,74 yrs,281113,129399,151714,147825,69693,78132,30730,13219,17511,79602,36461,43141,13828,5954,7874,9128,4072,5056
Mid,2032,203207,000,State of Texas,75,75 yrs,265295,120436,144859,140406,65226,75180,28740,12151,16589,74290,33759,40531,13184,5576,7608,8675,3724,4951
Mid,2032,203207,000,State of Texas,76,76 yrs,251109,113782,137327,134060,62117,71943,26849,11382,15467,69714,31517,38197,12507,5292,7215,7979,3474,4505
Mid,2032,203207,000,State of Texas,77,77 yrs,246422,111021,135401,133437,61619,71818,25797,10697,15100,67568,30331,37237,11970,5052,6918,7650,3322,4328
Mid,2032,203207,000,State of Texas,78,78 yrs,220111,97388,122723,121826,55187,66639,22158,9036,13122,58764,25855,32909,10588,4452,6136,6775,2858,3917
Mid,2032,203207,000,State of Texas,79,79 yrs,208280,91973,116307,116207,52725,63482,20563,8301,12262,55044,24093,30951,10255,4248,6007,6211,2606,3605
Mid,2032,203207,000,State of Texas,80,80 yrs,191091,83867,107224,108199,48823,59376,18553,7268,11285,49968,21760,28208,8872,3597,5275,5499,2419,3080
Mid,2032,203207,000,State of Texas,81,81 yrs,174840,75702,99138,97343,43382,53961,17293,6616,10677,46708,20185,26523,8563,3431,5132,4933,2088,2845
Mid,2032,203207,000,State of Texas,82,82 yrs,168180,72364,95816,95004,42145,52859,15705,6042,9663,44403,18963,25440,8387,3359,5028,4681,1855,2826
Mid,2032,203207,000,State of Texas,83,83 yrs,148820,63563,85257,86284,37838,48446,13524,5167,8357,38055,16089,21966,6852,2783,4069,4105,1686,2419
Mid,2032,203207,000,State of Texas,84,84 yrs,142304,60814,81490,85089,37302,47787,11918,4521,7397,35280,14937,20343,6141,2431,3710,3876,1623,2253
Mid,2032,203207,000,State of Texas,85,85 yrs,129014,54447,74567,79170,34351,44819,10043,3762,6281,31164,12885,18279,5216,2092,3124,3421,1357,2064
Mid,2032,203207,000,State of Texas,86,86 yrs,93588,38924,54664,53730,23104,30626,7755,2786,4969,25466,10357,15109,4235,1721,2514,2402,956,1446
Mid,2032,203207,000,State of Texas,87,87 yrs,87041,35581,51460,51315,21480,29835,6935,2435,4500,22803,9229,13574,3786,1563,2223,2202,874,1328
Mid,2032,203207,000,State of Texas,88,88 yrs,76666,30736,45930,46714,19291,27423,5854,2020,3834,19178,7504,11674,2975,1191,1784,1945,730,1215
Mid,2032,203207,000,State of Texas,89,89 yrs,65702,26138,39564,40679,16598,24081,5018,1759,3259,15829,6097,9732,2544,1043,1501,1632,641,991
Mid,2032,203207,000,State of Texas,90,90 yrs,53108,20756,32352,32369,13012,19357,4053,1374,2679,13315,5053,8262,2101,840,1261,1270,477,793
Mid,2032,203207,000,State of Texas,91,91 yrs,43872,16782,27090,26624,10457,16167,3385,1093,2292,11162,4181,6981,1678,656,1022,1023,395,628
Mid,2032,203207,000,State of Texas,92,92 yrs,36501,13646,22855,21844,8333,13511,2818,880,1938,9596,3593,6003,1447,564,883,796,276,520
Mid,2032,203207,000,State of Texas,93,93 yrs,28895,10618,18277,17621,6644,10977,2136,682,1454,7371,2655,4716,1094,419,675,673,218,455
Mid,2032,203207,000,State of Texas,94,94 yrs,23634,8527,15107,14405,5321,9084,1743,538,1205,6103,2149,3954,860,331,529,523,188,335
Mid,2032,203207,000,State of Texas,95,95+ yrs,72285,24329,47956,44640,15398,29242,5558,1572,3986,18197,6004,12193,2354,848,1506,1536,507,1029
Mid,2033,203307,000,State of Texas,-1,All Ages,34648870,17116182,17532688,12006585,5957218,6049367,4215937,2014717,2201220,14731630,7358589,7373041,2244603,1077173,1167430,1450115,708485,741630
Mid,2033,203307,000,State of Texas,0,< 1 yr,416104,212212,203892,104299,53192,51107,48820,24898,23922,212840,108548,104292,16963,8651,8312,33182,16923,16259
Mid,2033,203307,000,State of Texas,1,1 yr,417153,212630,204523,104985,53534,51451,49089,25014,24075,213660,108880,104780,17266,8808,8458,32153,16394,15759
Mid,2033,203307,000,State of Texas,2,2 yrs,418677,213375,205302,105934,54025,51909,49465,25195,24270,214420,109236,105184,17629,8998,8631,31229,15921,15308
Mid,2033,203307,000,State of Texas,3,3 yrs,419860,213973,205887,106933,54541,52392,49842,25378,24464,214784,109415,105369,17981,9179,8802,30320,15460,14860
Mid,2033,203307,000,State of Texas,4,4 yrs,420430,214258,206172,107900,55046,52854,50159,25528,24631,214660,109348,105312,18304,9342,8962,29407,14994,14413
Mid,2033,203307,000,State of Texas,5,5 yrs,420671,214387,206284,108858,55543,53315,50403,25645,24758,214297,109172,105125,18608,9491,9117,28505,14536,13969
Mid,2033,203307,000,State of Texas,6,6 yrs,420658,214394,206264,109832,56043,53789,50628,25756,24872,213693,108884,104809,18886,9626,9260,27619,14085,13534
Mid,2033,203307,000,State of Texas,7,7 yrs,420356,214268,206088,110766,56524,54242,50781,25829,24952,212924,108529,104395,19142,9747,9395,26743,13639,13104
Mid,2033,203307,000,State of Texas,8,8 yrs,420260,214254,206006,111783,57052,54731,50944,25908,25036,212267,108235,104032,19379,9858,9521,25887,13201,12686
Mid,2033,203307,000,State of Texas,9,9 yrs,419862,214094,205768,112725,57533,55192,51035,25952,25083,211482,107887,103595,19593,9961,9632,25027,12761,12266
Mid,2033,203307,000,State of Texas,10,10 yrs,419572,213981,205591,113642,57997,55645,51122,25992,25130,210837,107606,103231,19791,10055,9736,24180,12331,11849
Mid,2033,203307,000,State of Texas,11,11 yrs,417870,213089,204781,114357,58366,55991,51154,26029,25125,209529,106866,102663,19556,9957,9599,23274,11871,11403
Mid,2033,203307,000,State of Texas,12,12 yrs,417113,212744,204369,115104,58747,56357,51024,25955,25069,208869,106573,102296,19719,10042,9677,22397,11427,10970
Mid,2033,203307,000,State of Texas,13,13 yrs,387613,197605,190008,106290,54394,51896,47630,24044,23586,188682,96132,92550,23618,12127,11491,21393,10908,10485
Mid,2033,203307,000,State of Texas,14,14 yrs,394654,200884,193770,110280,56472,53808,49068,24718,24350,190699,96963,93736,23810,12144,11666,20797,10587,10210
Mid,2033,203307,000,State of Texas,15,15 yrs,409602,208452,201150,113522,58029,55493,51193,25991,25202,198003,100720,97283,25182,12679,12503,21702,11033,10669
Mid,2033,203307,000,State of Texas,16,16 yrs,426693,217676,209017,119480,61092,58388,52296,26587,25709,206345,105133,101212,26517,13489,13028,22055,11375,10680
Mid,2033,203307,000,State of Texas,17,17 yrs,443550,225919,217631,125220,63988,61232,54111,27152,26959,214692,109659,105033,26983,13693,13290,22544,11427,11117
Mid,2033,203307,000,State of Texas,18,18 yrs,453931,231950,221981,126728,65026,61702,55475,28024,27451,220562,113009,107553,28212,14324,13888,22954,11567,11387
Mid,2033,203307,000,State of Texas,19,19 yrs,452502,231055,221447,127455,65326,62129,55364,28094,27270,219630,112314,107316,27958,14108,13850,22095,11213,10882
Mid,2033,203307,000,State of Texas,20,20 yrs,454410,231397,223013,128159,65144,63015,55479,27893,27586,219273,112236,107037,29451,15096,14355,22048,11028,11020
Mid,2033,203307,000,State of Texas,21,21 yrs,457049,233076,223973,128108,65075,63033,56329,28405,27924,221812,114028,107784,29140,14571,14569,21660,10997,10663
Mid,2033,203307,000,State of Texas,22,22 yrs,463860,237054,226806,130690,66953,63737,57525,28991,28534,224815,115649,109166,29367,14560,14807,21463,10901,10562
Mid,2033,203307,000,State of Texas,23,23 yrs,489271,249301,239970,135544,69475,66069,60905,30305,30600,239973,122982,116991,30252,14988,15264,22597,11551,11046
Mid,2033,203307,000,State of Texas,24,24 yrs,492006,251062,240944,136636,69930,66706,61534,30905,30629,241079,123743,117336,30643,15258,15385,22114,11226,10888
Mid,2033,203307,000,State of Texas,25,25 yrs,507659,258225,249434,140498,71702,68796,63471,31707,31764,249009,127581,121428,32159,15872,16287,22522,11363,11159
Mid,2033,203307,000,State of Texas,26,26 yrs,506254,257258,248996,141219,72167,69052,63921,31931,31990,247237,126273,120964,31730,15564,16166,22147,11323,10824
Mid,2033,203307,000,State of Texas,27,27 yrs,500431,254720,245711,140638,72145,68493,62450,30895,31555,243364,125100,118264,32429,15661,16768,21550,10919,10631
Mid,2033,203307,000,State of Texas,28,28 yrs,507294,258495,248799,142805,73195,69610,63127,31337,31790,246357,127167,119190,33617,16104,17513,21388,10692,10696
Mid,2033,203307,000,State of Texas,29,29 yrs,506715,257523,249192,144634,73904,70730,63015,31250,31765,243938,125452,118486,34036,16291,17745,21092,10626,10466
Mid,2033,203307,000,State of Texas,30,30 yrs,502411,255048,247363,144072,73754,70318,62708,31007,31701,241358,124066,117292,34195,16092,18103,20078,10129,9949
Mid,2033,203307,000,State of Texas,31,31 yrs,510187,258828,251359,146261,74860,71401,67708,32998,34710,239979,123957,116022,36181,17034,19147,20058,9979,10079
Mid,2033,203307,000,State of Texas,32,32 yrs,517736,260040,257696,153260,77614,75646,68340,32901,35439,237928,121570,116358,38338,18124,20214,19870,9831,10039
Mid,2033,203307,000,State of Texas,33,33 yrs,515557,260706,254851,157262,80191,77071,68402,32936,35466,233725,120188,113537,37448,17833,19615,18720,9558,9162
Mid,2033,203307,000,State of Texas,34,34 yrs,494278,249812,244466,152358,77596,74762,64964,31417,33547,222936,114546,108390,36423,17446,18977,17597,8807,8790
Mid,2033,203307,000,State of Texas,35,35 yrs,481567,243922,237645,149008,76029,72979,63365,30627,32738,215334,111067,104267,36719,17663,19056,17141,8536,8605
Mid,2033,203307,000,State of Texas,36,36 yrs,473800,240007,233793,149042,76054,72988,61549,29625,31924,210232,108712,101520,36707,17528,19179,16270,8088,8182
Mid,2033,203307,000,State of Texas,37,37 yrs,472566,238441,234125,150129,76276,73853,61073,29397,31676,207756,106758,100998,36752,17709,19043,16856,8301,8555
Mid,2033,203307,000,State of Texas,38,38 yrs,486450,246157,240293,156042,79711,76331,63796,30526,33270,213427,109966,103461,36735,17761,18974,16450,8193,8257
Mid,2033,203307,000,State of Texas,39,39 yrs,468889,235338,233551,151736,77166,74570,62027,29690,32337,202609,103141,99468,36351,17514,18837,16166,7827,8339
Mid,2033,203307,000,State of Texas,40,40 yrs,470472,236001,234471,153606,78184,75422,62760,29861,32899,200905,102159,98746,37084,17944,19140,16117,7853,8264
Mid,2033,203307,000,State of Texas,41,41 yrs,475969,238361,237608,159498,81211,78287,63268,29987,33281,200066,101569,98497,37117,17748,19369,16020,7846,8174
Mid,2033,203307,000,State of Texas,42,42 yrs,469848,234602,235246,161105,81897,79208,62194,29380,32814,193148,97793,95355,37040,17656,19384,16361,7876,8485
Mid,2033,203307,000,State of Texas,43,43 yrs,499899,250427,249472,172552,87839,84713,66036,31237,34799,205576,104635,100941,38759,18533,20226,16976,8183,8793
Mid,2033,203307,000,State of Texas,44,44 yrs,448855,222541,226314,158861,80751,78110,58639,27588,31051,178096,88949,89147,37320,17630,19690,15939,7623,8316
Mid,2033,203307,000,State of Texas,45,45 yrs,452715,224958,227757,160957,81675,79282,58106,27150,30956,181229,91243,89986,36814,17417,19397,15609,7473,8136
Mid,2033,203307,000,State of Texas,46,46 yrs,443794,219923,223871,159592,80791,78801,55985,26508,29477,176826,88168,88658,35821,17130,18691,15570,7326,8244
Mid,2033,203307,000,State of Texas,47,47 yrs,443152,219440,223712,161222,81659,79563,55804,26199,29605,174606,86942,87664,36428,17416,19012,15092,7224,7868
Mid,2033,203307,000,State of Texas,48,48 yrs,465528,231968,233560,168853,86142,82711,57930,27570,30360,185709,92844,92865,37560,18117,19443,15476,7295,8181
Mid,2033,203307,000,State of Texas,49,49 yrs,428784,211464,217320,156423,79306,77117,53351,25002,28349,168217,83037,85180,35987,17167,18820,14806,6952,7854
Mid,2033,203307,000,State of Texas,50,50 yrs,431240,212561,218679,158178,80412,77766,53852,25377,28475,168874,82754,86120,35306,16891,18415,15030,7127,7903
Mid,2033,203307,000,State of Texas,51,51 yrs,427549,210301,217248,156624,79381,77243,52593,24647,27946,169466,83239,86227,34297,16262,18035,14569,6772,7797
Mid,2033,203307,000,State of Texas,52,52 yrs,420372,206146,214226,154263,78269,75994,52925,24626,28299,165288,80621,84667,33024,15677,17347,14872,6953,7919
Mid,2033,203307,000,State of Texas,53,53 yrs,445148,220056,225092,160204,81191,79013,56279,26475,29804,180290,89581,90709,33725,15913,17812,14650,6896,7754
Mid,2033,203307,000,State of Texas,54,54 yrs,386349,189229,197120,141487,71737,69750,49121,22959,26162,151240,73556,77684,30844,14586,16258,13657,6391,7266
Mid,2033,203307,000,State of Texas,55,55 yrs,386626,188309,198317,141366,71058,70308,47342,22137,25205,154967,74908,80059,29585,14071,15514,13366,6135,7231
Mid,2033,203307,000,State of Texas,56,56 yrs,376507,183681,192826,136715,68811,67904,45820,21534,24286,151493,73233,78260,29543,14030,15513,12936,6073,6863
Mid,2033,203307,000,State of Texas,57,57 yrs,369157,179915,189242,133814,67653,66161,44583,20605,23978,148432,71667,76765,29952,14294,15658,12376,5696,6680
Mid,2033,203307,000,State of Texas,58,58 yrs,389690,191514,198176,141890,71521,70369,46013,21854,24159,158335,77430,80905,30751,14796,15955,12701,5913,6788
Mid,2033,203307,000,State of Texas,59,59 yrs,357494,173681,183813,132158,66297,65861,43409,20272,23137,141631,67972,73659,28780,13762,15018,11516,5378,6138
Mid,2033,203307,000,State of Texas,60,60 yrs,361454,175163,186291,135580,67889,67691,44406,20618,23788,140511,67322,73189,28807,13732,15075,12150,5602,6548
Mid,2033,203307,000,State of Texas,61,61 yrs,370011,178959,191052,145369,72653,72716,44552,20657,23895,139690,66522,73168,28308,13445,14863,12092,5682,6410
Mid,2033,203307,000,State of Texas,62,62 yrs,377628,182589,195039,155470,77515,77955,45861,21245,24616,136487,64949,71538,27290,13068,14222,12520,5812,6708
Mid,2033,203307,000,State of Texas,63,63 yrs,384996,187229,197767,158379,78887,79492,45425,20995,24430,141716,68644,73072,27247,12974,14273,12229,5729,6500
Mid,2033,203307,000,State of Texas,64,64 yrs,340107,163967,176140,142464,70551,71913,39907,18356,21551,122049,58305,63744,24731,11712,13019,10956,5043,5913
Mid,2033,203307,000,State of Texas,65,65 yrs,329398,158632,170766,136831,67845,68986,39374,18190,21184,119904,57025,62879,22883,10857,12026,10406,4715,5691
Mid,2033,203307,000,State of Texas,66,66 yrs,320291,153607,166684,135888,66758,69130,38663,17548,21115,114441,54767,59674,21067,9943,11124,10232,4591,5641
Mid,2033,203307,000,State of Texas,67,67 yrs,321378,154005,167373,137566,67332,70234,39059,17684,21375,113596,54487,59109,20946,9914,11032,10211,4588,5623
Mid,2033,203307,000,State of Texas,68,68 yrs,339539,162180,177359,152265,74209,78056,40406,18106,22300,115599,55340,60259,20504,9650,10854,10765,4875,5890
Mid,2033,203307,000,State of Texas,69,69 yrs,326337,154640,171697,152394,73617,78777,37741,16704,21037,105751,50310,55441,19614,9152,10462,10837,4857,5980
Mid,2033,203307,000,State of Texas,70,70 yrs,320789,151102,169687,153655,73956,79699,36855,16244,20611,101028,47548,53480,18419,8506,9913,10832,4848,5984
Mid,2033,203307,000,State of Texas,71,71 yrs,312722,146927,165795,153894,73687,80207,35444,15603,19841,96319,45397,50922,16546,7621,8925,10519,4619,5900
Mid,2033,203307,000,State of Texas,72,72 yrs,306616,143010,163606,152999,73044,79955,34951,15222,19729,92436,43108,49328,16126,7265,8861,10104,4371,5733
Mid,2033,203307,000,State of Texas,73,73 yrs,308138,143568,164570,155798,74075,81723,34305,14886,19419,92426,43206,49220,15855,7015,8840,9754,4386,5368
Mid,2033,203307,000,State of Texas,74,74 yrs,279901,129278,150623,144750,68519,76231,31249,13449,17800,80432,37120,43312,14335,6195,8140,9135,3995,5140
Mid,2033,203307,000,State of Texas,75,75 yrs,274352,125602,148750,144088,67591,76497,29814,12719,17095,77965,35525,42440,13556,5806,7750,8929,3961,4968
Mid,2033,203307,000,State of Texas,76,76 yrs,258352,116605,141747,136537,63087,73450,27820,11658,16162,72633,32824,39809,12895,5423,7472,8467,3613,4854
Mid,2033,203307,000,State of Texas,77,77 yrs,243831,109793,134038,129960,59864,70096,25910,10881,15029,67997,30559,37438,12197,5129,7068,7767,3360,4407
Mid,2033,203307,000,State of Texas,78,78 yrs,238495,106735,131760,128906,59152,69754,24810,10185,14625,65725,29321,36404,11634,4877,6757,7420,3200,4220
Mid,2033,203307,000,State of Texas,79,79 yrs,212285,93274,119011,117245,52759,64486,21236,8569,12667,57000,24921,32079,10255,4282,5973,6549,2743,3806
Mid,2033,203307,000,State of Texas,80,80 yrs,200077,87702,112375,111359,50170,61189,19628,7836,11792,53220,23140,30080,9889,4066,5823,5981,2490,3491
Mid,2033,203307,000,State of Texas,81,81 yrs,182701,79554,103147,103162,46194,56968,17628,6824,10804,48125,20812,27313,8518,3426,5092,5268,2298,2970
Mid,2033,203307,000,State of Texas,82,82 yrs,166285,71389,94896,92278,40781,51497,16349,6177,10172,44787,19215,25572,8170,3244,4926,4701,1972,2729
Mid,2033,203307,000,State of Texas,83,83 yrs,158967,67753,91214,89464,39311,50153,14762,5604,9158,42355,17946,24409,7951,3152,4799,4435,1740,2695
Mid,2033,203307,000,State of Texas,84,84 yrs,139741,59068,80673,80699,35019,45680,12634,4760,7874,36091,15128,20963,6454,2592,3862,3863,1569,2294
Mid,2033,203307,000,State of Texas,85,85 yrs,132604,56035,76569,78966,34225,44741,11055,4132,6923,33224,13936,19288,5741,2245,3496,3618,1497,2121
Mid,2033,203307,000,State of Texas,86,86 yrs,119256,49717,69539,72880,31234,41646,9246,3410,5836,29124,11917,17207,4837,1915,2922,3169,1241,1928
Mid,2033,203307,000,State of Texas,87,87 yrs,85834,35242,50592,49044,20818,28226,7083,2503,4580,23605,9493,14112,3894,1561,2333,2208,867,1341
Mid,2033,203307,000,State of Texas,88,88 yrs,79065,31885,47180,46397,19157,27240,6277,2166,4111,20939,8374,12565,3447,1403,2044,2005,785,1220
Mid,2033,203307,000,State of Texas,89,89 yrs,68918,27238,41680,41801,17017,24784,5247,1779,3468,17435,6736,10699,2682,1058,1624,1753,648,1105
Mid,2033,203307,000,State of Texas,90,90 yrs,58396,22891,35505,35995,14472,21523,4450,1533,2917,14230,5408,8822,2268,916,1352,1453,562,891
Mid,2033,203307,000,State of Texas,91,91 yrs,46640,17955,28685,28294,11204,17090,3555,1184,2371,11821,4424,7397,1851,729,1122,1119,414,705
Mid,2033,203307,000,State of Texas,92,92 yrs,38024,14322,23702,22967,8883,14084,2932,930,2002,9775,3609,6166,1460,562,898,890,338,552
Mid,2033,203307,000,State of Texas,93,93 yrs,31187,11479,19708,18578,6977,11601,2408,738,1670,8277,3055,5222,1241,476,765,683,233,450
Mid,2033,203307,000,State of Texas,94,94 yrs,24306,8793,15513,14758,5479,9279,1800,565,1235,6257,2220,4037,923,348,575,568,181,387
Mid,2033,203307,000,State of Texas,95,95+ yrs,75580,25606,49974,46343,16091,30252,5794,1657,4137,19250,6385,12865,2555,926,1629,1638,547,1091
Mid,2034,203407,000,State of Texas,-1,All Ages,35009887,17295816,17714071,11999619,5953636,6045983,4267821,2039012,2228809,14968017,7479014,7489003,2294905,1100793,1194112,1479525,723361,756164
Mid,2034,203407,000,State of Texas,0,< 1 yr,417406,212877,204529,103681,52877,50804,48868,24923,23945,213434,108851,104583,17280,8813,8467,34143,17413,16730
Mid,2034,203407,000,State of Texas,1,1 yr,418872,213514,205358,104419,53248,51171,49161,25051,24110,214566,109346,105220,17601,8979,8622,33125,16890,16235
Mid,2034,203407,000,State of Texas,2,2 yrs,420811,214458,206353,105394,53749,51645,49592,25259,24333,215647,109857,105790,17973,9173,8800,32205,16420,15785
Mid,2034,203407,000,State of Texas,3,3 yrs,422230,215183,207047,106367,54256,52111,49992,25454,24538,216242,110159,106083,18336,9359,8977,31293,15955,15338
Mid,2034,203407,000,State of Texas,4,4 yrs,423234,215691,207543,107345,54760,52585,50362,25631,24731,216482,110283,106199,18662,9524,9138,30383,15493,14890
Mid,2034,203407,000,State of Texas,5,5 yrs,423735,215946,207789,108294,55253,53041,50666,25779,24887,216349,110218,106131,18957,9669,9288,29469,15027,14442
Mid,2034,203407,000,State of Texas,6,6 yrs,423946,216071,207875,109250,55750,53500,50903,25893,25010,216002,110062,105940,19221,9795,9426,28570,14571,13999
Mid,2034,203407,000,State of Texas,7,7 yrs,423903,216078,207825,110208,56243,53965,51117,26000,25117,215430,109806,105624,19463,9910,9553,27685,14119,13566
Mid,2034,203407,000,State of Texas,8,8 yrs,423572,215944,207628,111130,56715,54415,51258,26066,25192,214682,109472,105210,19694,10019,9675,26808,13672,13136
Mid,2034,203407,000,State of Texas,9,9 yrs,423465,215932,207533,112138,57234,54904,51416,26143,25273,214047,109200,104847,19913,10122,9791,25951,13233,12718
Mid,2034,203407,000,State of Texas,10,10 yrs,423069,215758,207311,113065,57706,55359,51500,26183,25317,213301,108859,104442,20110,10215,9895,25093,12795,12298
Mid,2034,203407,000,State of Texas,11,11 yrs,422733,215624,207109,113981,58168,55813,51583,26218,25365,212628,108567,104061,20298,10308,9990,24243,12363,11880
Mid,2034,203407,000,State of Texas,12,12 yrs,420980,214702,206278,114694,58535,56159,51631,26262,25369,211287,107805,103482,20034,10198,9836,23334,11902,11432
Mid,2034,203407,000,State of Texas,13,13 yrs,420178,214345,205833,115437,58913,56524,51495,26187,25308,210617,107515,103102,20174,10273,9901,22455,11457,10998
Mid,2034,203407,000,State of Texas,14,14 yrs,390721,199221,191500,106644,54566,52078,48094,24271,23823,190457,97090,93367,24072,12355,11717,21454,10939,10515
Mid,2034,203407,000,State of Texas,15,15 yrs,397886,202547,195339,110671,56659,54012,49548,24949,24599,192516,97941,94575,24294,12381,11913,20857,10617,10240
Mid,2034,203407,000,State of Texas,16,16 yrs,413107,210246,202861,113976,58240,55736,51726,26244,25482,199906,101755,98151,25736,12944,12792,21763,11063,10700
Mid,2034,203407,000,State of Texas,17,17 yrs,430567,219653,210914,120005,61337,58668,52875,26855,26020,208372,106244,102128,27196,13811,13385,22119,11406,10713
Mid,2034,203407,000,State of Texas,18,18 yrs,447860,228111,219749,125826,64267,61559,54752,27449,27303,216861,110860,106001,27805,14074,13731,22616,11461,11155
Mid,2034,203407,000,State of Texas,19,19 yrs,458755,234359,224396,127743,65528,62215,56399,28421,27978,222536,114118,108418,29079,14704,14375,22998,11588,11410
Mid,2034,203407,000,State of Texas,20,20 yrs,457571,233585,223986,128500,65834,62666,56315,28505,27810,221686,113468,108218,28937,14547,14390,22133,11231,10902
Mid,2034,203407,000,State of Texas,21,21 yrs,459605,233990,225615,129234,65673,63561,56429,28298,28131,221366,113397,107969,30489,15575,14914,22087,11047,11040
Mid,2034,203407,000,State of Texas,22,22 yrs,462329,235699,226630,129178,65605,63573,57283,28818,28465,223954,115191,108763,30220,15073,15147,21694,11012,10682
Mid,2034,203407,000,State of Texas,23,23 yrs,469227,239683,229544,131736,67473,64263,58481,29399,29082,226989,116794,110195,30524,15100,15424,21497,10917,10580
Mid,2034,203407,000,State of Texas,24,24 yrs,494834,251999,242835,136608,70008,66600,61887,30718,31169,242238,124166,118072,31459,15535,15924,22642,11572,11070
Mid,2034,203407,000,State of Texas,25,25 yrs,497822,253839,243983,137740,70475,67265,62550,31325,31225,243491,125004,118487,31882,15790,16092,22159,11245,10914
Mid,2034,203407,000,State of Texas,26,26 yrs,513766,261142,252624,141652,72270,69382,64533,32137,32396,251587,128962,122625,33428,16392,17036,22566,11381,11185
Mid,2034,203407,000,State of Texas,27,27 yrs,512440,260207,252233,142379,72736,69643,64986,32362,32624,249882,127709,122173,32997,16055,16942,22196,11345,10851
Mid,2034,203407,000,State of Texas,28,28 yrs,506584,257646,248938,141803,72717,69086,63491,31317,32174,246005,126535,119470,33688,16137,17551,21597,10940,10657
Mid,2034,203407,000,State of Texas,29,29 yrs,513342,261383,251959,143965,73769,70196,64156,31754,32402,248957,128577,120380,34830,16570,18260,21434,10713,10721
Mid,2034,203407,000,State of Texas,30,30 yrs,512637,260386,252251,145790,74481,71309,64023,31667,32356,246495,126845,119650,35192,16746,18446,21137,10647,10490
Mid,2034,203407,000,State of Texas,31,31 yrs,508150,257867,250283,145210,74326,70884,63687,31408,32279,243834,125437,118397,35292,16545,18747,20127,10151,9976
Mid,2034,203407,000,State of Texas,32,32 yrs,515692,261527,254165,147399,75427,71972,68687,33405,35282,242276,125225,117051,37227,17470,19757,20103,10000,10103
Mid,2034,203407,000,State of Texas,33,33 yrs,523044,262619,260425,154422,78197,76225,69343,33322,36021,240015,122703,117312,39351,18546,20805,19913,9851,10062
Mid,2034,203407,000,State of Texas,34,34 yrs,520563,263110,257453,158385,80750,77635,69383,33346,36037,235625,121206,114419,38409,18233,20176,18761,9575,9186
Mid,2034,203407,000,State of Texas,35,35 yrs,498995,252064,246931,153439,78137,75302,65902,31804,34098,224697,115481,109216,37321,17816,19505,17636,8826,8810
Mid,2034,203407,000,State of Texas,36,36 yrs,485190,245847,239343,149450,76281,73169,63827,30850,32977,217048,112002,105046,37689,18162,19527,17176,8552,8624
Mid,2034,203407,000,State of Texas,37,37 yrs,477054,241695,235359,149456,76287,73169,61971,29823,32148,211705,109487,102218,37619,17996,19623,16303,8102,8201
Mid,2034,203407,000,State of Texas,38,38 yrs,475453,239916,235537,150494,76482,74012,61461,29576,31885,209024,107408,101616,37587,18136,19451,16887,8314,8573
Mid,2034,203407,000,State of Texas,39,39 yrs,489052,247434,241618,156382,79901,76481,64161,30694,33467,214541,110497,104044,37491,18139,19352,16477,8203,8274
Mid,2034,203407,000,State of Texas,40,40 yrs,471234,236451,234783,152042,77339,74703,62376,29847,32529,203579,103571,100008,37046,17858,19188,16191,7836,8355
Mid,2034,203407,000,State of Texas,41,41 yrs,472606,236988,235618,153887,78342,75545,63090,30010,33080,201755,102515,99240,37734,18260,19474,16140,7861,8279
Mid,2034,203407,000,State of Texas,42,42 yrs,477891,239217,238674,159741,81349,78392,63573,30124,33449,200791,101834,98957,37745,18056,19689,16041,7854,8187
Mid,2034,203407,000,State of Texas,43,43 yrs,471633,235402,236231,161321,82026,79295,62486,29513,32973,193801,98018,95783,37644,17962,19682,16381,7883,8498
Mid,2034,203407,000,State of Texas,44,44 yrs,501507,251155,250352,172721,87944,84777,66295,31354,34941,206158,104829,101329,39343,18842,20501,16990,8186,8804
Mid,2034,203407,000,State of Texas,45,45 yrs,450451,223290,227161,159024,80851,78173,58877,27699,31178,178705,89175,89530,37892,17939,19953,15953,7626,8327
Mid,2034,203407,000,State of Texas,46,46 yrs,454085,225590,228495,161071,81744,79327,58307,27240,31067,181740,91422,90318,37348,17710,19638,15619,7474,8145
Mid,2034,203407,000,State of Texas,47,47 yrs,444904,220419,224485,159652,80829,78823,56155,26582,29573,177214,88289,88925,36309,17395,18914,15574,7324,8250
Mid,2034,203407,000,State of Texas,48,48 yrs,443974,219759,224215,161227,81661,79566,55934,26248,29686,174860,86982,87878,36861,17648,19213,15092,7220,7872
Mid,2034,203407,000,State of Texas,49,49 yrs,466055,232126,233929,168782,86093,82689,58013,27592,30421,185858,92845,93013,37930,18308,19622,15472,7288,8184
Mid,2034,203407,000,State of Texas,50,50 yrs,429168,211559,217609,156325,79240,77085,53412,25010,28402,168329,83039,85290,36302,17325,18977,14800,6945,7855
Mid,2034,203407,000,State of Texas,51,51 yrs,431447,212561,218886,158019,80308,77711,53876,25362,28514,168937,82738,86199,35598,17038,18560,15017,7115,7902
Mid,2034,203407,000,State of Texas,52,52 yrs,427635,210222,217413,156424,79250,77174,52605,24624,27981,169475,83189,86286,34579,16401,18178,14552,6758,7794
Mid,2034,203407,000,State of Texas,53,53 yrs,420324,205967,214357,154014,78103,75911,52908,24585,28323,165257,80545,84712,33297,15799,17498,14848,6935,7913
Mid,2034,203407,000,State of Texas,54,54 yrs,444854,219706,225148,159873,80973,78900,56222,26408,29814,180146,89429,90717,33993,16022,17971,14620,6874,7746
Mid,2034,203407,000,State of Texas,55,55 yrs,386113,188920,197193,141167,71529,69638,49074,22893,26181,151122,73430,77692,31124,14699,16425,13626,6369,7257
Mid,2034,203407,000,State of Texas,56,56 yrs,386213,187888,198325,140979,70809,70170,47270,22056,25214,154768,74728,80040,29869,14186,15683,13327,6109,7218
Mid,2034,203407,000,State of Texas,57,57 yrs,375965,183177,192788,136283,68535,67748,45727,21442,24285,151250,73018,78232,29812,14139,15673,12893,6043,6850
Mid,2034,203407,000,State of Texas,58,58 yrs,368425,179296,189129,133309,67328,65981,44459,20500,23959,148126,71407,76719,30201,14396,15805,12330,5665,6665
Mid,2034,203407,000,State of Texas,59,59 yrs,388592,190675,197917,141249,71115,70134,45840,21716,24124,157875,77076,80799,30983,14893,16090,12645,5875,6770
Mid,2034,203407,000,State of Texas,60,60 yrs,356376,172851,183525,131505,65885,65620,43218,20127,23091,141173,67630,73543,29019,13868,15151,11461,5341,6120
Mid,2034,203407,000,State of Texas,61,61 yrs,360066,174171,185895,134815,67402,67413,44167,20446,23721,139964,66932,73032,29038,13834,15204,12082,5557,6525
Mid,2034,203407,000,State of Texas,62,62 yrs,368312,177779,190533,144446,72070,72376,44269,20457,23812,139060,66083,72977,28522,13538,14984,12015,5631,6384
Mid,2034,203407,000,State of Texas,63,63 yrs,375552,181188,194364,154354,76816,77538,45514,21006,24508,135782,64469,71313,27474,13143,14331,12428,5754,6674
Mid,2034,203407,000,State of Texas,64,64 yrs,382474,185552,196922,157103,78090,79013,45018,20722,24296,140842,68056,72786,27382,13018,14364,12129,5666,6463
Mid,2034,203407,000,State of Texas,65,65 yrs,337646,162348,175298,141211,69775,71436,39513,18092,21421,121227,57759,63468,24836,11739,13097,10859,4983,5876
Mid,2034,203407,000,State of Texas,66,66 yrs,326020,156484,169536,135251,66861,68390,38799,17833,20966,118835,56354,62481,22807,10772,12035,10328,4664,5664
Mid,2034,203407,000,State of Texas,67,67 yrs,316605,151297,165308,134167,65701,68466,38046,17172,20874,113297,54048,59249,20954,9842,11112,10141,4534,5607
Mid,2034,203407,000,State of Texas,68,68 yrs,317286,151471,165815,135676,66179,69497,38379,17275,21104,112346,53706,58640,20776,9786,10990,10109,4525,5584
Mid,2034,203407,000,State of Texas,69,69 yrs,334805,159292,175513,150007,72844,77163,39647,17656,21991,114211,54479,59732,20298,9513,10785,10642,4800,5842
Mid,2034,203407,000,State of Texas,70,70 yrs,321408,151669,169739,149948,72157,77791,36986,16263,20723,104382,49463,54919,19390,9010,10380,10702,4776,5926
Mid,2034,203407,000,State of Texas,71,71 yrs,315524,147964,167560,150985,72374,78611,36061,15785,20276,99607,46682,52925,18190,8364,9826,10681,4759,5922
Mid,2034,203407,000,State of Texas,72,72 yrs,307117,143626,163491,150982,71988,78994,34622,15132,19490,94842,44499,50343,16316,7481,8835,10355,4526,5829
Mid,2034,203407,000,State of Texas,73,73 yrs,300585,139514,161071,149834,71213,78621,34074,14730,19344,90874,42180,48694,15874,7117,8757,9929,4274,5655
Mid,2034,203407,000,State of Texas,74,74 yrs,301405,139710,161695,152218,72030,80188,33367,14365,19002,90683,42182,48501,15573,6855,8718,9564,4278,5286
Mid,2034,203407,000,State of Texas,75,75 yrs,273229,125517,147712,141117,66466,74651,30329,12946,17383,78792,36177,42615,14053,6041,8012,8938,3887,5051
Mid,2034,203407,000,State of Texas,76,76 yrs,267218,121636,145582,140139,65388,74751,28866,12208,16658,76235,34548,41687,13262,5648,7614,8716,3844,4872
Mid,2034,203407,000,State of Texas,77,77 yrs,250933,112554,138379,132399,60819,71580,26859,11150,15709,70856,31834,39022,12578,5257,7321,8241,3494,4747
Mid,2034,203407,000,State of Texas,78,78 yrs,236058,105592,130466,125582,57486,68096,24928,10366,14562,66155,29549,36606,11858,4954,6904,7535,3237,4298
Mid,2034,203407,000,State of Texas,79,79 yrs,230053,102252,127801,124079,56565,67514,23783,9663,14120,63750,28262,35488,11267,4690,6577,7174,3072,4102
Mid,2034,203407,000,State of Texas,80,80 yrs,203997,88977,115020,112395,50219,62176,20280,8094,12186,55121,23941,31180,9894,4101,5793,6307,2622,3685
Mid,2034,203407,000,State of Texas,81,81 yrs,191350,83226,108124,106207,47489,58718,18653,7361,11292,51266,22137,29129,9492,3872,5620,5732,2367,3365
Mid,2034,203407,000,State of Texas,82,82 yrs,173797,75041,98756,97820,43437,54383,16670,6374,10296,46154,19817,26337,8132,3242,4890,5021,2171,2850
Mid,2034,203407,000,State of Texas,83,83 yrs,157244,66874,90370,86935,38057,48878,15375,5733,9642,42732,18189,24543,7749,3046,4703,4453,1849,2604
Mid,2034,203407,000,State of Texas,84,84 yrs,149335,62995,86340,83700,36397,47303,13795,5164,8631,40174,16877,23297,7490,2937,4553,4176,1620,2556
Mid,2034,203407,000,State of Texas,85,85 yrs,130300,54462,75838,74929,32146,42783,11727,4354,7373,33998,14118,19880,6036,2395,3641,3610,1449,2161
Mid,2034,203407,000,State of Texas,86,86 yrs,122633,51199,71434,72720,31135,41585,10181,3746,6435,31053,12893,18160,5327,2056,3271,3352,1369,1983
Mid,2034,203407,000,State of Texas,87,87 yrs,109372,45014,64358,66557,28157,38400,8449,3066,5383,27003,10928,16075,4451,1738,2713,2912,1125,1787
Mid,2034,203407,000,State of Texas,88,88 yrs,78021,31604,46417,44364,18578,25786,6414,2228,4186,21684,8617,13067,3547,1402,2145,2012,779,1233
Mid,2034,203407,000,State of Texas,89,89 yrs,71127,28282,42845,41543,16910,24633,5629,1908,3721,19040,7520,11520,3108,1247,1861,1807,697,1110
Mid,2034,203407,000,State of Texas,90,90 yrs,61297,23874,37423,37008,14846,22162,4656,1551,3105,15678,5978,9700,2392,930,1462,1563,569,994
Mid,2034,203407,000,State of Texas,91,91 yrs,51306,19810,31496,31485,12469,19016,3903,1321,2582,12639,4737,7902,1999,795,1204,1280,488,792
Mid,2034,203407,000,State of Texas,92,92 yrs,40445,15332,25113,24423,9525,14898,3081,1008,2073,10358,3821,6537,1610,624,986,973,354,619
Mid,2034,203407,000,State of Texas,93,93 yrs,32508,12055,20453,19545,7443,12102,2508,781,1727,8438,3070,5368,1253,475,778,764,286,478
Mid,2034,203407,000,State of Texas,94,94 yrs,26259,9515,16744,15571,5756,9815,2032,612,1420,7028,2556,4472,1049,396,653,579,195,384
Mid,2034,203407,000,State of Texas,95,95+ yrs,78768,26823,51945,47999,16762,31237,6030,1746,4284,20215,6742,13473,2769,1002,1767,1755,571,1184
Mid,2035,203507,000,State of Texas,-1,All Ages,35367160,17473881,17893279,11990032,5948888,6041144,4319275,2063140,2256135,15202907,7598781,7604126,2345279,1124445,1220834,1509667,738627,771040
Mid,2035,203507,000,State of Texas,0,< 1 yr,418263,213314,204949,103028,52544,50484,48872,24925,23947,213711,108993,104718,17575,8963,8612,35077,17889,17188
Mid,2035,203507,000,State of Texas,1,1 yr,420194,214186,206008,103804,52934,50870,49216,25078,24138,215170,109654,105516,17922,9143,8779,34082,17377,16705
Mid,2035,203507,000,State of Texas,2,2 yrs,422562,215363,207199,104828,53463,51365,49671,25300,24371,216573,110338,106235,18314,9347,8967,33176,16915,16261
Mid,2035,203507,000,State of Texas,3,3 yrs,424384,216277,208107,105827,53980,51847,50124,25520,24604,217477,110784,106693,18685,9537,9148,32271,16456,15815
Mid,2035,203507,000,State of Texas,4,4 yrs,425625,216911,208714,106780,54475,52305,50516,25709,24807,217949,111032,106917,19024,9707,9317,31356,15988,15368
Mid,2035,203507,000,State of Texas,5,5 yrs,426555,217387,209168,107739,54966,52773,50873,25884,24989,218179,111158,107021,19319,9853,9466,30445,15526,14919
Mid,2035,203507,000,State of Texas,6,6 yrs,427026,217637,209389,108684,55459,53225,51170,26029,25141,218063,111113,106950,19575,9975,9600,29534,15061,14473
Mid,2035,203507,000,State of Texas,7,7 yrs,427210,217763,209447,109625,55949,53676,51396,26138,25258,217748,110989,106759,19803,10081,9722,28638,14606,14032
Mid,2035,203507,000,State of Texas,8,8 yrs,427134,217763,209371,110572,56434,54138,51598,26239,25359,217195,110754,106441,20018,10183,9835,27751,14153,13598
Mid,2035,203507,000,State of Texas,9,9 yrs,426794,217631,209163,111486,56898,54588,51734,26303,25431,216469,110441,106028,20231,10284,9947,26874,13705,13169
Mid,2035,203507,000,State of Texas,10,10 yrs,426693,217607,209086,112479,57407,55072,51885,26375,25510,215876,110178,105698,20435,10379,10056,26018,13268,12750
Mid,2035,203507,000,State of Texas,11,11 yrs,426245,217410,208835,113404,57876,55528,51963,26410,25553,215101,109826,105275,20620,10470,10150,25157,12828,12329
Mid,2035,203507,000,State of Texas,12,12 yrs,425867,217250,208617,114322,58339,55983,52039,26438,25601,214405,109519,104886,20794,10557,10237,24307,12397,11910
Mid,2035,203507,000,State of Texas,13,13 yrs,424078,216320,207758,115033,58704,56329,52112,26499,25613,213045,108752,104293,20494,10432,10062,23394,11933,11461
Mid,2035,203507,000,State of Texas,14,14 yrs,423275,215955,207320,115778,59079,56699,51966,26417,25549,212391,108472,103919,20625,10500,10125,22515,11487,11028
Mid,2035,203507,000,State of Texas,15,15 yrs,393946,200882,193064,107034,54753,52281,48576,24503,24073,192267,98065,94202,24555,12592,11963,21514,10969,10545
Mid,2035,203507,000,State of Texas,16,16 yrs,401377,204334,197043,111122,56868,54254,50077,25200,24877,194417,98976,95441,24842,12642,12200,20919,10648,10271
Mid,2035,203507,000,State of Texas,17,17 yrs,416974,212218,204756,114501,58485,56016,52311,26514,25797,201930,102865,99065,26407,13261,13146,21825,11093,10732
Mid,2035,203507,000,State of Texas,18,18 yrs,434882,221850,213032,120605,61614,58991,53520,27154,26366,210535,107444,103091,28029,14197,13832,22193,11441,10752
Mid,2035,203507,000,State of Texas,19,19 yrs,452693,230526,222167,126838,64768,62070,55677,27846,27831,218841,111973,106868,28676,14456,14220,22661,11483,11178
Mid,2035,203507,000,State of Texas,20,20 yrs,463852,236898,226954,128789,66035,62754,57360,28836,28524,224598,115273,109325,30069,15148,14921,23036,11606,11430
Mid,2035,203507,000,State of Texas,21,21 yrs,462796,236193,226603,129580,66366,63214,57278,28916,28362,223785,114633,109152,29982,15029,14953,22171,11249,10922
Mid,2035,203507,000,State of Texas,22,22 yrs,464922,236625,228297,130304,66201,64103,57395,28714,28681,223517,114565,108952,31582,16082,15500,22124,11063,11061
Mid,2035,203507,000,State of Texas,23,23 yrs,467735,238354,229381,130222,66124,64098,58243,29227,29016,226149,116355,109794,31389,15618,15771,21732,11030,10702
Mid,2035,203507,000,State of Texas,24,24 yrs,474813,242400,232413,132791,68003,64788,59464,29813,29651,229273,117993,111280,31742,15652,16090,21543,10939,10604
Mid,2035,203507,000,State of Texas,25,25 yrs,500666,254796,245870,137695,70544,67151,62897,31138,31759,244677,125450,119227,32709,16072,16637,22688,11592,11096
Mid,2035,203507,000,State of Texas,26,26 yrs,503916,256758,247158,138868,71031,67837,63600,31750,31850,246091,126403,119688,33152,16310,16842,22205,11264,10941
Mid,2035,203507,000,State of Texas,27,27 yrs,520042,264128,255914,142826,72847,69979,65621,32577,33044,254268,130411,123857,34710,16888,17822,22617,11405,11212
Mid,2035,203507,000,State of Texas,28,28 yrs,518668,263169,255499,143552,73312,70240,66057,32798,33259,252548,129157,123391,34266,16535,17731,22245,11367,10878
Mid,2035,203507,000,State of Texas,29,29 yrs,512712,260577,252135,142967,73292,69675,64550,31747,32803,248646,127972,120674,34906,16605,18301,21643,10961,10682
Mid,2035,203507,000,State of Texas,30,30 yrs,519298,264257,255041,145114,74339,70775,65174,32175,32999,251536,129981,121555,35993,17027,18966,21481,10735,10746
Mid,2035,203507,000,State of Texas,31,31 yrs,518430,263233,255197,146933,75055,71878,65020,32078,32942,248995,128229,120766,36295,17201,19094,21187,10670,10517
Mid,2035,203507,000,State of Texas,32,32 yrs,513657,260583,253074,146331,74891,71440,64652,31814,32838,246153,126719,119434,36348,16986,19362,20173,10173,10000
Mid,2035,203507,000,State of Texas,33,33 yrs,520946,264081,256865,148519,75986,72533,69652,33808,35844,244392,126377,118015,38239,17891,20348,20144,10019,10125
Mid,2035,203507,000,State of Texas,34,34 yrs,528134,265075,263059,155566,78770,76796,70336,33737,36599,241954,123749,118205,40324,18950,21374,19954,9869,10085
Mid,2035,203507,000,State of Texas,35,35 yrs,525377,265399,259978,159491,81300,78191,70360,33750,36610,237401,122146,115255,39322,18607,20715,18803,9596,9207
Mid,2035,203507,000,State of Texas,36,36 yrs,502672,254019,248653,153891,78399,75492,66378,32033,34345,226432,116426,110006,38299,18319,19980,17672,8842,8830
Mid,2035,203507,000,State of Texas,37,37 yrs,488494,247566,240928,149867,76516,73351,64260,31055,33205,218554,112799,105755,38603,18630,19973,17210,8566,8644
Mid,2035,203507,000,State of Texas,38,38 yrs,479985,243197,236788,149831,76502,73329,62368,30008,32360,212993,110147,102846,38458,18425,20033,16335,8115,8220
Mid,2035,203507,000,State of Texas,39,39 yrs,478098,241221,236877,150837,76675,74162,61828,29746,32082,210168,107957,102211,38349,18517,19832,16916,8326,8590
Mid,2035,203507,000,State of Texas,40,40 yrs,491410,248552,242858,156681,80069,76612,64504,30850,33654,215534,110939,104595,38188,18482,19706,16503,8212,8291
Mid,2035,203507,000,State of Texas,41,41 yrs,473424,237481,235943,152330,77505,74825,62709,29998,32711,204467,103954,100513,37703,18179,19524,16215,7845,8370
Mid,2035,203507,000,State of Texas,42,42 yrs,474580,237880,236700,154142,78491,75651,63400,30151,33249,202514,102801,99713,38363,18568,19795,16161,7869,8292
Mid,2035,203507,000,State of Texas,43,43 yrs,479714,240038,239676,159969,81484,78485,63869,30261,33608,201464,102069,99395,38352,18363,19989,16060,7861,8199
Mid,2035,203507,000,State of Texas,44,44 yrs,473356,236196,237160,161524,82150,79374,62769,29644,33125,194428,98239,96189,38238,18276,19962,16397,7887,8510
Mid,2035,203507,000,State of Texas,45,45 yrs,503060,251871,251189,172866,88032,84834,66533,31466,35067,206744,105035,101709,39916,19151,20765,17001,8187,8814
Mid,2035,203507,000,State of Texas,46,46 yrs,451909,223982,227927,159156,80934,78222,59099,27799,31300,179254,89382,89872,38436,18239,20197,15964,7628,8336
Mid,2035,203507,000,State of Texas,47,47 yrs,455240,226108,229132,161144,81787,79357,58488,27320,31168,182139,91548,90591,37845,17980,19865,15624,7473,8151
Mid,2035,203507,000,State of Texas,48,48 yrs,445776,220765,225011,159668,80841,78827,56299,26637,29662,177483,88334,89149,36750,17632,19118,15576,7321,8255
Mid,2035,203507,000,State of Texas,49,49 yrs,444607,219978,224629,161179,81628,79551,56037,26282,29755,175063,87010,88053,37239,17844,19395,15089,7214,7875
Mid,2035,203507,000,State of Texas,50,50 yrs,466391,232188,234203,168661,86014,82647,58067,27594,30473,185952,92833,93119,38246,18467,19779,15465,7280,8185
Mid,2035,203507,000,State of Texas,51,51 yrs,429407,211575,217832,156185,79147,77038,53445,24999,28446,168386,83019,85367,36601,17475,19126,14790,6935,7855
Mid,2035,203507,000,State of Texas,52,52 yrs,431559,212497,219062,157829,80180,77649,53886,25338,28548,168957,82699,86258,35886,17179,18707,15001,7101,7900
Mid,2035,203507,000,State of Texas,53,53 yrs,427620,210060,217560,156186,79089,77097,52600,24589,28011,169440,83108,86332,34863,16532,18331,14531,6742,7789
Mid,2035,203507,000,State of Texas,54,54 yrs,420162,205709,214453,153720,77911,75809,52875,24532,28343,165174,80439,84735,33575,15914,17661,14818,6913,7905
Mid,2035,203507,000,State of Texas,55,55 yrs,444440,219277,225163,159494,80726,78768,56149,26327,29822,179941,89242,90699,34270,16132,18138,14586,6850,7736
Mid,2035,203507,000,State of Texas,56,56 yrs,385751,188530,197221,140793,71288,69505,49005,22814,26191,150953,73267,77686,31411,14818,16593,13589,6343,7246
Mid,2035,203507,000,State of Texas,57,57 yrs,385670,187387,198283,140533,70528,70005,47177,21965,25212,154534,74516,80018,30142,14298,15844,13284,6080,7204
Mid,2035,203507,000,State of Texas,58,58 yrs,375248,182570,192678,135780,68216,67564,45610,21337,24273,150945,72762,78183,30068,14245,15823,12845,6010,6835
Mid,2035,203507,000,State of Texas,59,59 yrs,367515,178583,188932,132739,66967,65772,44309,20381,23928,147746,71106,76640,30443,14498,15945,12278,5631,6647
Mid,2035,203507,000,State of Texas,60,60 yrs,387310,189732,197578,140546,70669,69877,45637,21561,24076,157330,76676,80654,31214,14992,16222,12583,5834,6749
Mid,2035,203507,000,State of Texas,61,61 yrs,355075,171915,183160,130788,65429,65359,43000,19966,23034,140634,67248,73386,29255,13973,15282,11398,5299,6099
Mid,2035,203507,000,State of Texas,62,62 yrs,358468,173052,185416,133977,66870,67107,43894,20252,23642,139339,66496,72843,29251,13926,15325,12007,5508,6499
Mid,2035,203507,000,State of Texas,63,63 yrs,366368,176456,189912,143434,71435,71999,43948,20234,23714,138350,65598,72752,28705,13613,15092,11931,5576,6355
Mid,2035,203507,000,State of Texas,64,64 yrs,373194,179617,193577,153137,76055,77082,45122,20742,24380,134990,63938,71052,27616,13190,14426,12329,5692,6637
Mid,2035,203507,000,State of Texas,65,65 yrs,379630,183681,195949,155708,77222,78486,44566,20422,24144,139868,67406,72462,27466,13032,14434,12022,5599,6423
Mid,2035,203507,000,State of Texas,66,66 yrs,334226,160175,174051,139600,68775,70825,38949,17744,21205,120159,57085,63074,24739,11641,13098,10779,4930,5849
Mid,2035,203507,000,State of Texas,67,67 yrs,322312,154154,168158,133548,65808,67740,38190,17459,20731,117668,55627,62041,22664,10651,12013,10242,4609,5633
Mid,2035,203507,000,State of Texas,68,68 yrs,312627,148833,163794,132336,64582,67754,37397,16783,20614,112066,53280,58786,20786,9715,11071,10042,4473,5569
Mid,2035,203507,000,State of Texas,69,69 yrs,312940,148808,164132,133682,64970,68712,37674,16853,20821,111015,52880,58135,20569,9647,10922,10000,4458,5542
Mid,2035,203507,000,State of Texas,70,70 yrs,329787,156263,173524,147618,71413,76205,38861,17195,21666,112733,53569,59164,20064,9365,10699,10511,4721,5790
Mid,2035,203507,000,State of Texas,71,71 yrs,316188,148553,167635,147366,70628,76738,36200,15810,20390,102921,48568,54353,19146,8858,10288,10555,4689,5866
Mid,2035,203507,000,State of Texas,72,72 yrs,309929,144669,165260,148150,70712,77438,35235,15314,19921,98088,45768,52320,17938,8211,9727,10518,4664,5854
Mid,2035,203507,000,State of Texas,73,73 yrs,301139,140153,160986,147881,70197,77684,33765,14649,19116,93253,43551,49702,16063,7330,8733,10177,4426,5751
Mid,2035,203507,000,State of Texas,74,74 yrs,294090,135800,158290,146426,69264,77162,33152,14220,18932,89182,41191,47991,15593,6956,8637,9737,4169,5568
Mid,2035,203507,000,State of Texas,75,75 yrs,294281,135682,158599,148431,69891,78540,32392,13833,18559,88832,41110,47722,15267,6685,8582,9359,4163,5196
Mid,2035,203507,000,State of Texas,76,76 yrs,266186,121589,144597,137281,64319,72962,29376,12433,16943,77053,35187,41866,13749,5877,7872,8727,3773,4954
Mid,2035,203507,000,State of Texas,77,77 yrs,259589,117437,142152,135912,63050,72862,27876,11681,16195,74377,33511,40866,12938,5476,7462,8486,3719,4767
Mid,2035,203507,000,State of Texas,78,78 yrs,243003,108285,134718,127974,58422,69552,25854,10628,15226,68947,30789,38158,12230,5078,7152,7998,3368,4630
Mid,2035,203507,000,State of Texas,79,79 yrs,227770,101194,126576,120914,54991,65923,23904,9839,14065,64180,28490,35690,11486,4766,6720,7286,3108,4178
Mid,2035,203507,000,State of Texas,80,80 yrs,221109,97569,123540,118966,53857,65109,22716,9130,13586,61650,27155,34495,10869,4491,6378,6908,2936,3972
Mid,2035,203507,000,State of Texas,81,81 yrs,195172,84469,110703,107235,47551,59684,19282,7608,11674,53108,22910,30198,9501,3907,5594,6046,2493,3553
Mid,2035,203507,000,State of Texas,82,82 yrs,182077,78534,103543,100739,44674,56065,17643,6879,10764,49171,21081,28090,9059,3663,5396,5465,2237,3228
Mid,2035,203507,000,State of Texas,83,83 yrs,164383,70315,94068,92185,40552,51633,15682,5918,9764,44042,18763,25279,7717,3046,4671,4757,2036,2721
Mid,2035,203507,000,State of Texas,84,84 yrs,147777,62209,85568,81369,35252,46117,14377,5287,9090,40537,17109,23428,7302,2839,4463,4192,1722,2470
Mid,2035,203507,000,State of Texas,85,85 yrs,139314,58115,81199,77749,33428,44321,12809,4725,8084,37847,15752,22095,7005,2714,4291,3904,1496,2408
Mid,2035,203507,000,State of Texas,86,86 yrs,120583,49795,70788,69042,29260,39782,10806,3950,6856,31785,13064,18721,5603,2195,3408,3347,1326,2021
Mid,2035,203507,000,State of Texas,87,87 yrs,112525,46383,66142,66440,28082,38358,9306,3369,5937,28794,11824,16970,4904,1867,3037,3081,1241,1840
Mid,2035,203507,000,State of Texas,88,88 yrs,99418,40371,59047,60238,25142,35096,7655,2732,4923,24812,9923,14889,4059,1563,2496,2654,1011,1643
Mid,2035,203507,000,State of Texas,89,89 yrs,70237,28054,42183,39740,16409,23331,5756,1965,3791,19724,7740,11984,3201,1247,1954,1816,693,1123
Mid,2035,203507,000,State of Texas,90,90 yrs,63310,24809,38501,36803,14761,22042,4998,1664,3334,17124,6675,10449,2772,1096,1676,1613,613,1000
Mid,2035,203507,000,State of Texas,91,91 yrs,53896,20675,33221,32391,12799,19592,4087,1337,2750,13930,5238,8692,2109,807,1302,1379,494,885
Mid,2035,203507,000,State of Texas,92,92 yrs,44514,16923,27591,27197,10606,16591,3384,1125,2259,11080,4093,6987,1739,681,1058,1114,418,696
Mid,2035,203507,000,State of Texas,93,93 yrs,34600,12913,21687,20800,7987,12813,2638,848,1790,8946,3252,5694,1381,527,854,835,299,536
Mid,2035,203507,000,State of Texas,94,94 yrs,27385,9996,17389,16394,6146,10248,2116,647,1469,7169,2569,4600,1059,395,664,647,239,408
Mid,2035,203507,000,State of Texas,95,95+ yrs,82919,28363,54556,49993,17510,32483,6409,1853,4556,21613,7295,14318,3045,1102,1943,1859,603,1256
Mid,2036,203607,000,State of Texas,-1,All Ages,35719832,17649895,18069937,11977672,5942896,6034776,4370202,2087046,2283156,15435805,7717591,7718214,2395671,1148108,1247563,1540482,754254,786228
Mid,2036,203607,000,State of Texas,0,< 1 yr,418584,213478,205106,102315,52181,50134,48829,24903,23926,213612,108942,104670,17844,9100,8744,35984,18352,17632
Mid,2036,203607,000,State of Texas,1,1 yr,421081,214635,206446,103159,52603,50556,49226,25084,24142,215456,109800,105656,18223,9295,8928,35017,17853,17164
Mid,2036,203607,000,State of Texas,2,2 yrs,423904,216045,207859,104214,53149,51065,49730,25329,24401,217185,110650,106535,18640,9513,9127,34135,17404,16731
Mid,2036,203607,000,State of Texas,3,3 yrs,426152,217190,208962,105261,53694,51567,50205,25561,24644,218413,111271,107142,19031,9713,9318,33242,16951,16291
Mid,2036,203607,000,State of Texas,4,4 yrs,427797,218012,209785,106239,54198,52041,50653,25777,24876,219192,111660,107532,19378,9888,9490,32335,16489,15846
Mid,2036,203607,000,State of Texas,5,5 yrs,428965,218615,210350,107174,54681,52493,51031,25963,25068,219655,111911,107744,19686,10039,9647,31419,16021,15398
Mid,2036,203607,000,State of Texas,6,6 yrs,429864,219087,210777,108131,55173,52958,51380,26135,25245,219901,112057,107844,19941,10161,9780,30511,15561,14950
Mid,2036,203607,000,State of Texas,7,7 yrs,430304,219336,210968,109060,55658,53402,51666,26276,25390,219816,112044,107772,20161,10263,9898,29601,15095,14506
Mid,2036,203607,000,State of Texas,8,8 yrs,430457,219455,211002,109988,56139,53849,51880,26378,25502,219522,111941,107581,20363,10357,10006,28704,14640,14064
Mid,2036,203607,000,State of Texas,9,9 yrs,430370,219457,210913,110926,56616,54310,52076,26476,25600,218991,111728,107263,20560,10451,10109,27817,14186,13631
Mid,2036,203607,000,State of Texas,10,10 yrs,430035,219313,210722,111826,57071,54755,52207,26537,25670,218305,111423,106882,20756,10542,10214,26941,13740,13201
Mid,2036,203607,000,State of Texas,11,11 yrs,429887,219269,210618,112818,57578,55240,52353,26605,25748,217684,111149,106535,20950,10636,10314,26082,13301,12781
Mid,2036,203607,000,State of Texas,12,12 yrs,429395,219043,210352,113744,58046,55698,52422,26632,25790,216886,110782,106104,21121,10721,10400,25222,12862,12360
Mid,2036,203607,000,State of Texas,13,13 yrs,428984,218877,210107,114664,58510,56154,52502,26664,25838,216174,110474,105700,21274,10800,10474,24370,12429,11941
Mid,2036,203607,000,State of Texas,14,14 yrs,427209,217946,209263,115379,58872,56507,52596,26735,25861,214829,109714,105115,20951,10662,10289,23454,11963,11491
Mid,2036,203607,000,State of Texas,15,15 yrs,426492,217611,208881,116153,59259,56894,52456,26652,25804,214201,109446,104755,21107,10737,10370,22575,11517,11058
Mid,2036,203607,000,State of Texas,16,16 yrs,397430,202665,194765,107483,54961,52522,49105,24754,24351,194163,99097,95066,25102,12853,12249,21577,11000,10577
Mid,2036,203607,000,State of Texas,17,17 yrs,405229,206298,198931,111642,57110,54532,50660,25469,25191,196439,100086,96353,25508,12955,12553,20980,10678,10302
Mid,2036,203607,000,State of Texas,18,18 yrs,421281,214409,206872,115099,58760,56339,52963,26816,26147,204090,104063,100027,27231,13642,13589,21898,11128,10770
Mid,2036,203607,000,State of Texas,19,19 yrs,439703,224260,215443,121592,62103,59489,54452,27556,26896,212511,108556,103955,28909,14582,14327,22239,11463,10776
Mid,2036,203607,000,State of Texas,20,20 yrs,457805,233076,224729,127887,65280,62607,56640,28261,28379,220907,113131,107776,29672,14903,14769,22699,11501,11198
Mid,2036,203607,000,State of Texas,21,21 yrs,469112,239511,229601,129869,66566,63303,58333,29250,29083,226712,116437,110275,31123,15633,15490,23075,11625,11450
Mid,2036,203607,000,State of Texas,22,22 yrs,468139,238841,229298,130656,66898,63758,58256,29338,28918,225937,115801,110136,31082,15539,15543,22208,11265,10943
Mid,2036,203607,000,State of Texas,23,23 yrs,470367,239300,231067,131355,66725,64630,58365,29127,29238,225719,115734,109985,32765,16632,16133,22163,11082,11081
Mid,2036,203607,000,State of Texas,24,24 yrs,473352,241083,232269,131281,66652,64629,59234,29646,29588,228440,117559,110881,32618,16173,16445,21779,11053,10726
Mid,2036,203607,000,State of Texas,25,25 yrs,480672,245219,235453,133874,68541,65333,60476,30234,30242,231729,119290,112439,33001,16193,16808,21592,10961,10631
Mid,2036,203607,000,State of Texas,26,26 yrs,506774,257731,249043,138805,71091,67714,63942,31562,32380,247304,126871,120433,33989,16596,17393,22734,11611,11123
Mid,2036,203607,000,State of Texas,27,27 yrs,510172,259739,250433,140016,71595,68421,64675,32184,32491,248789,127867,120922,34435,16805,17630,22257,11288,10969
Mid,2036,203607,000,State of Texas,28,28 yrs,526324,267115,259209,143998,73422,70576,66713,33022,33691,256955,131871,125084,35990,17372,18618,22668,11428,11240
Mid,2036,203607,000,State of Texas,29,29 yrs,524862,266130,258732,144722,73890,70832,67145,33241,33904,255212,130605,124607,35493,17007,18486,22290,11387,10903
Mid,2036,203607,000,State of Texas,30,30 yrs,518754,263503,255251,144126,73870,70256,65597,32181,33416,251265,129403,121862,36075,17066,19009,21691,10983,10708
Mid,2036,203607,000,State of Texas,31,31 yrs,525116,267115,258001,146241,74904,71337,66182,32591,33591,254058,131376,122682,37102,17484,19618,21533,10760,10773
Mid,2036,203607,000,State of Texas,32,32 yrs,523990,265973,258017,148057,75621,72436,66002,32493,33509,251339,129523,121816,37359,17644,19715,21233,10692,10541
Mid,2036,203607,000,State of Texas,33,33 yrs,518903,263143,255760,147426,75441,71985,65601,32215,33386,248292,127884,120408,37367,17410,19957,20217,10193,10024
Mid,2036,203607,000,State of Texas,34,34 yrs,525967,266508,259459,149615,76535,73080,70603,34204,36399,246357,127439,118918,39208,18294,20914,20184,10036,10148
Mid,2036,203607,000,State of Texas,35,35 yrs,533030,267410,265620,156693,79334,77359,71328,34144,37184,243766,124714,119052,41247,19328,21919,19996,9890,10106
Mid,2036,203607,000,State of Texas,36,36 yrs,529114,267384,261730,159947,81563,78384,70854,33989,36865,239158,123101,116057,40316,19119,21197,18839,9612,9227
Mid,2036,203607,000,State of Texas,37,37 yrs,506030,255772,250258,154320,78644,75676,66822,32245,34577,227960,117235,110725,39222,18792,20430,17706,8856,8850
Mid,2036,203607,000,State of Texas,38,38 yrs,491481,249097,242384,150252,76732,73520,64667,31246,33421,219872,113480,106392,39449,19061,20388,17241,8578,8663
Mid,2036,203607,000,State of Texas,39,39 yrs,482667,244521,238146,150175,76695,73480,62748,30184,32564,214156,110707,103449,39222,18807,20415,16366,8128,8238
Mid,2036,203607,000,State of Texas,40,40 yrs,480531,242386,238145,151155,76854,74301,62177,29904,32273,211204,108429,102775,39054,18864,20190,16941,8335,8606
Mid,2036,203607,000,State of Texas,41,41 yrs,493608,249579,244029,156961,80228,76733,64831,30996,33835,216443,111333,105110,38846,18802,20044,16527,8220,8307
Mid,2036,203607,000,State of Texas,42,42 yrs,475432,238391,237041,152583,77652,74931,63024,30141,32883,205252,104255,100997,38337,18490,19847,16236,7853,8383
Mid,2036,203607,000,State of Texas,43,43 yrs,476441,238724,237717,154373,78628,75745,63702,30292,33410,203218,103055,100163,38968,18873,20095,16180,7876,8304
Mid,2036,203607,000,State of Texas,44,44 yrs,481467,240849,240618,160168,81606,78562,64154,30394,33760,202126,102308,99818,38943,18676,20267,16076,7865,8211
Mid,2036,203607,000,State of Texas,45,45 yrs,475014,236978,238036,161697,82259,79438,63032,29769,33263,195056,98471,96585,38818,18589,20229,16411,7890,8521
Mid,2036,203607,000,State of Texas,46,46 yrs,504473,252528,251945,172978,88102,84876,66753,31565,35188,207266,105220,102046,40465,19453,21012,17011,8188,8823
Mid,2036,203607,000,State of Texas,47,47 yrs,453144,224551,228593,159238,80982,78256,59298,27889,31409,179692,89537,90155,38945,18516,20429,15971,7627,8344
Mid,2036,203607,000,State of Texas,48,48 yrs,456144,226463,229681,161166,81797,79369,58641,27381,31260,182417,91594,90823,38294,18221,20073,15626,7470,8156
Mid,2036,203607,000,State of Texas,49,49 yrs,446443,221000,225443,159630,80817,78813,56412,26677,29735,177691,88358,89333,37136,17833,19303,15574,7315,8259
Mid,2036,203607,000,State of Texas,50,50 yrs,445054,220096,224958,161090,81566,79524,56113,26301,29812,175203,87016,88187,37565,18007,19558,15083,7206,7877
Mid,2036,203607,000,State of Texas,51,51 yrs,466583,232172,234411,168498,85907,82591,58097,27580,30517,185988,92797,93191,38547,18619,19928,15453,7269,8184
Mid,2036,203607,000,State of Texas,52,52 yrs,429536,211516,218020,155998,79022,76976,53463,24978,28485,168409,82976,85433,36891,17618,19273,14775,6922,7853
Mid,2036,203607,000,State of Texas,53,53 yrs,431563,212352,219211,157594,80024,77570,53881,25302,28579,168933,82629,86304,36174,17312,18862,14981,7085,7896
Mid,2036,203607,000,State of Texas,54,54 yrs,427498,209825,217673,155901,78901,77000,52580,24542,28038,169359,83003,86356,35153,16656,18497,14505,6723,7782
Mid,2036,203607,000,State of Texas,55,55 yrs,419882,205372,214510,153372,77684,75688,52827,24466,28361,165035,80301,84734,33863,16031,17832,14785,6890,7895
Mid,2036,203607,000,State of Texas,56,56 yrs,443878,218759,225119,159053,80442,78611,56048,26226,29822,179677,89020,90657,34555,16249,18306,14545,6822,7723
Mid,2036,203607,000,State of Texas,57,57 yrs,385258,188049,197209,140366,71014,69352,48915,22724,26191,150741,73065,77676,31689,14933,16756,13547,6313,7234
Mid,2036,203607,000,State of Texas,58,58 yrs,384954,186780,198174,140020,70202,69818,47060,21861,25199,154236,74262,79974,30403,14407,15996,13235,6048,7187
Mid,2036,203607,000,State of Texas,59,59 yrs,374356,181867,192489,135219,67862,67357,45464,21217,24247,150566,72464,78102,30317,14351,15966,12790,5973,6817
Mid,2036,203607,000,State of Texas,60,60 yrs,366416,177766,188650,132105,66562,65543,44131,20247,23884,147278,70762,76516,30682,14602,16080,12220,5593,6627
Mid,2036,203607,000,State of Texas,61,61 yrs,385828,188669,197159,139767,70175,69592,45402,21386,24016,156707,76231,80476,31438,15088,16350,12514,5789,6725
Mid,2036,203607,000,State of Texas,62,62 yrs,353574,170850,182724,129999,64927,65072,42748,19783,22965,140022,66818,73204,29474,14068,15406,11331,5254,6077
Mid,2036,203607,000,State of Texas,63,63 yrs,356636,171795,184841,133057,66289,66768,43586,20037,23549,138634,66014,72620,29433,13999,15434,11926,5456,6470
Mid,2036,203607,000,State of Texas,64,64 yrs,364131,174963,189168,142317,70740,71577,43583,19987,23596,137550,65060,72490,28842,13659,15183,11839,5517,6322
Mid,2036,203607,000,State of Texas,65,65 yrs,370521,177869,192652,151809,75231,76578,44683,20450,24233,134101,63355,70746,27706,13207,14499,12222,5626,6596
Mid,2036,203607,000,State of Texas,66,66 yrs,375771,181226,194545,153938,76120,77818,43933,20033,23900,138632,66622,72010,27336,12912,14424,11932,5539,6393
Mid,2036,203607,000,State of Texas,67,67 yrs,330467,157818,172649,137862,67705,70157,38350,17378,20972,118992,56355,62637,24573,11507,13066,10690,4873,5817
Mid,2036,203607,000,State of Texas,68,68 yrs,318321,151679,166642,131743,64700,67043,37549,17068,20481,116409,54848,61561,22474,10514,11960,10146,4549,5597
Mid,2036,203607,000,State of Texas,69,69 yrs,308404,146248,162156,130412,63415,66997,36721,16380,20341,110753,52466,58287,20583,9579,11004,9935,4408,5527
Mid,2036,203607,000,State of Texas,70,70 yrs,308335,146018,162317,131584,63708,67876,36938,16419,20519,109596,52005,57591,20335,9499,10836,9882,4387,5495
Mid,2036,203607,000,State of Texas,71,71 yrs,324476,153083,171393,145093,69912,75181,38043,16721,21322,111163,52607,58556,19809,9207,10602,10368,4636,5732
Mid,2036,203607,000,State of Texas,72,72 yrs,310636,145279,165357,144621,69020,75601,35382,15345,20037,101358,47622,53736,18878,8695,10183,10397,4597,5800
Mid,2036,203607,000,State of Texas,73,73 yrs,303967,141203,162764,145136,68967,76169,34372,14830,19542,96456,44797,51659,17662,8046,9616,10341,4563,5778
Mid,2036,203607,000,State of Texas,74,74 yrs,294691,136456,158235,144539,68289,76250,32863,14148,18715,91526,42535,48991,15780,7165,8615,9983,4319,5664
Mid,2036,203607,000,State of Texas,75,75 yrs,287205,131920,155285,142810,67224,75586,32196,13699,18497,87382,40155,47227,15285,6783,8502,9532,4059,5473
Mid,2036,203607,000,State of Texas,76,76 yrs,286745,131470,155275,144415,67646,76769,31381,13288,18093,86875,39991,46884,14934,6503,8431,9140,4042,5098
Mid,2036,203607,000,State of Texas,77,77 yrs,258646,117426,141220,133171,62038,71133,28377,11901,16476,75185,34137,41048,13414,5699,7715,8499,3651,4848
Mid,2036,203607,000,State of Texas,78,78 yrs,251419,113001,138418,131388,60576,70812,26837,11137,15700,72378,32413,39965,12581,5290,7291,8235,3585,4650
Mid,2036,203607,000,State of Texas,79,79 yrs,234527,103799,130728,123245,55898,67347,24804,10093,14711,66895,29688,37207,11849,4886,6963,7734,3234,4500
Mid,2036,203607,000,State of Texas,80,80 yrs,218979,96592,122387,115964,52376,63588,22839,9301,13538,62075,27378,34697,11084,4566,6518,7017,2971,4046
Mid,2036,203607,000,State of Texas,81,81 yrs,211579,92651,118928,113521,51010,62511,21603,8585,13018,59397,25986,33411,10436,4278,6158,6622,2792,3830
Mid,2036,203607,000,State of Texas,82,82 yrs,185786,79739,106047,101752,44747,57005,18247,7114,11133,50948,21823,29125,9074,3699,5375,5765,2356,3409
Mid,2036,203607,000,State of Texas,83,83 yrs,172262,73612,98650,94961,41720,53241,16601,6390,10211,46927,19962,26965,8594,3441,5153,5179,2099,3080
Mid,2036,203607,000,State of Texas,84,84 yrs,154522,65428,89094,86309,37578,48731,14669,5460,9209,41789,17653,24136,7277,2841,4436,4478,1896,2582
Mid,2036,203607,000,State of Texas,85,85 yrs,137922,57420,80502,75617,32392,43225,13357,4840,8517,38197,15973,22224,6832,2624,4208,3919,1591,2328
Mid,2036,203607,000,State of Texas,86,86 yrs,128993,53166,75827,71669,30440,41229,11809,4289,7520,35389,14579,20810,6503,2487,4016,3623,1371,2252
Mid,2036,203607,000,State of Texas,87,87 yrs,110723,45144,65579,63118,26406,36712,9883,3555,6328,29483,11985,17498,5159,1994,3165,3080,1204,1876
Mid,2036,203607,000,State of Texas,88,88 yrs,102340,41624,60716,60163,25088,35075,8435,3003,5432,26461,10739,15722,4474,1679,2795,2807,1115,1692
Mid,2036,203607,000,State of Texas,89,89 yrs,89505,35840,53665,53993,22221,31772,6873,2411,4462,22577,8917,13660,3667,1392,2275,2395,899,1496
Mid,2036,203607,000,State of Texas,90,90 yrs,62562,24627,37935,35221,14332,20889,5114,1715,3399,17747,6873,10874,2858,1097,1761,1622,610,1012
Mid,2036,203607,000,State of Texas,91,91 yrs,55704,21503,34201,32230,12733,19497,4390,1435,2955,15217,5851,9366,2445,952,1493,1422,532,890
Mid,2036,203607,000,State of Texas,92,92 yrs,46794,17674,29120,27997,10893,17104,3546,1139,2407,12214,4527,7687,1836,691,1145,1201,424,777
Mid,2036,203607,000,State of Texas,93,93 yrs,38099,14258,23841,23179,8899,14280,2897,946,1951,9575,3485,6090,1492,575,917,956,353,603
Mid,2036,203607,000,State of Texas,94,94 yrs,29167,10714,18453,17459,6600,10859,2227,703,1524,7607,2724,4883,1167,438,729,707,249,458
Mid,2036,203607,000,State of Texas,95,95+ yrs,87166,29956,57210,52266,18409,33857,6786,1966,4820,22846,7740,15106,3271,1178,2093,1997,663,1334
Mid,2037,203707,000,State of Texas,-1,All Ages,36067526,17823724,18243802,11962624,5935736,6026888,4420581,2110730,2309851,15666316,7835248,7831068,2446060,1171780,1274280,1571945,770230,801715
Mid,2037,203707,000,State of Texas,0,< 1 yr,418464,213417,205047,101538,51784,49754,48755,24865,23890,213208,108736,104472,18107,9235,8872,36856,18797,18059
Mid,2037,203707,000,State of Texas,1,1 yr,421451,214829,206622,102454,52247,50207,49188,25064,24124,215389,109767,105622,18498,9436,9062,35922,18315,17607
Mid,2037,203707,000,State of Texas,2,2 yrs,424809,216503,208306,103569,52818,50751,49745,25337,24408,217480,110801,106679,18945,9667,9278,35070,17880,17190
Mid,2037,203707,000,State of Texas,3,3 yrs,427517,217883,209634,104648,53381,51267,50270,25593,24677,219035,111587,107448,19362,9882,9480,34202,17440,16762
Mid,2037,203707,000,State of Texas,4,4 yrs,429581,218933,210648,105673,53912,51761,50737,25820,24917,220135,112150,107985,19729,10066,9663,33307,16985,16322
Mid,2037,203707,000,State of Texas,5,5 yrs,431165,219724,211441,106633,54404,52229,51172,26033,25139,220917,112543,108374,20045,10222,9823,32398,16522,15876
Mid,2037,203707,000,State of Texas,6,6 yrs,432290,220322,211968,107566,54888,52678,51542,26216,25326,221383,112813,108570,20313,10349,9964,31486,16056,15430
Mid,2037,203707,000,State of Texas,7,7 yrs,433157,220793,212364,108506,55371,53135,51880,26384,25496,221662,112992,108670,20532,10451,10081,30577,15595,14982
Mid,2037,203707,000,State of Texas,8,8 yrs,433566,221035,212531,109423,55848,53575,52154,26518,25636,221598,113000,108598,20725,10541,10184,29666,15128,14538
Mid,2037,203707,000,State of Texas,9,9 yrs,433710,221156,212554,110343,56321,54022,52362,26617,25745,221325,112918,108407,20910,10627,10283,28770,14673,14097
Mid,2037,203707,000,State of Texas,10,10 yrs,433626,221145,212481,111266,56789,54477,52552,26711,25841,220835,112713,108122,21089,10711,10378,27884,14221,13663
Mid,2037,203707,000,State of Texas,11,11 yrs,433246,220981,212265,112164,57241,54923,52679,26768,25911,220122,112398,107724,21275,10801,10474,27006,13773,13233
Mid,2037,203707,000,State of Texas,12,12 yrs,433052,220911,212141,113159,57749,55410,52816,26829,25987,219476,112109,107367,21454,10889,10565,26147,13335,12812
Mid,2037,203707,000,State of Texas,13,13 yrs,432527,220677,211850,114087,58217,55870,52888,26859,26029,218662,111741,106921,21604,10966,10638,25286,12894,12392
Mid,2037,203707,000,State of Texas,14,14 yrs,432129,220510,211619,115016,58681,56335,52964,26888,26076,217965,111442,106523,21750,11038,10712,24434,12461,11973
Mid,2037,203707,000,State of Texas,15,15 yrs,430463,219622,210841,115760,59055,56705,53100,26979,26121,216650,110693,105957,21439,10902,10537,23514,11993,11521
Mid,2037,203707,000,State of Texas,16,16 yrs,429969,219391,210578,116587,59459,57128,52996,26909,26087,216097,110478,105619,21653,10998,10655,22636,11547,11089
Mid,2037,203707,000,State of Texas,17,17 yrs,401281,204628,196653,108003,55202,52801,49692,25025,24667,196179,100205,95974,25768,13166,12602,21639,11030,10609
Mid,2037,203707,000,State of Texas,18,18 yrs,409527,208482,201045,112238,57384,54854,51313,25771,25542,198598,101283,97315,26327,13332,12995,21051,10712,10339
Mid,2037,203707,000,State of Texas,19,19 yrs,426105,216827,209278,116075,59244,56831,53904,27222,26682,206075,105185,100890,28108,14026,14082,21943,11150,10793
Mid,2037,203707,000,State of Texas,20,20 yrs,444808,226810,217998,122619,62605,60014,55424,27978,27446,214574,109713,104861,29913,15032,14881,22278,11482,10796
Mid,2037,203707,000,State of Texas,21,21 yrs,463076,235696,227380,128964,65810,63154,57619,28679,28940,223025,114297,108728,30730,15390,15340,22738,11520,11218
Mid,2037,203707,000,State of Texas,22,22 yrs,474484,242169,232315,130946,67098,63848,59322,29676,29646,228870,117606,111264,32232,16146,16086,23114,11643,11471
Mid,2037,203707,000,State of Texas,23,23 yrs,473614,241533,232081,131713,67426,64287,59242,29760,29482,228141,116971,111170,32271,16092,16179,22247,11284,10963
Mid,2037,203707,000,State of Texas,24,24 yrs,476017,242041,233976,132412,67251,65161,59367,29549,29818,228019,116944,111075,34008,17192,16816,22211,11105,11106
Mid,2037,203707,000,State of Texas,25,25 yrs,479238,243912,235326,132363,67189,65174,60254,30068,30186,230902,118861,112041,33891,16719,17172,21828,11075,10753
Mid,2037,203707,000,State of Texas,26,26 yrs,486799,248169,238630,134974,69084,65890,61524,30659,30865,234371,120723,113648,34290,16721,17569,21640,10982,10658
Mid,2037,203707,000,State of Texas,27,27 yrs,513033,260717,252316,139934,71645,68289,65014,31997,33017,250016,128344,121672,35281,17095,18186,22788,11636,11152
Mid,2037,203707,000,State of Texas,28,28 yrs,516441,262730,253711,141168,72164,69004,65756,32624,33132,251491,129340,122151,35718,17290,18428,22308,11312,10996
Mid,2037,203707,000,State of Texas,29,29 yrs,532573,270102,262471,145167,73999,71168,67823,33475,34348,259640,133331,126309,37227,17846,19381,22716,11451,11265
Mid,2037,203707,000,State of Texas,30,30 yrs,530978,269089,261889,145887,74471,71416,68227,33690,34537,257853,132047,125806,36672,17472,19200,22339,11409,10930
Mid,2037,203707,000,State of Texas,31,31 yrs,524656,266412,258244,145264,74444,70820,66634,32610,34024,253825,130824,123001,37190,17527,19663,21743,11007,10736
Mid,2037,203707,000,State of Texas,32,32 yrs,530709,269875,260834,147350,75462,71888,67177,33010,34167,256432,132692,123740,38170,17928,20242,21580,10783,10797
Mid,2037,203707,000,State of Texas,33,33 yrs,529291,268562,260729,149163,76179,72984,66965,32900,34065,253498,130698,122800,38388,18073,20315,21277,10712,10565
Mid,2037,203707,000,State of Texas,34,34 yrs,523926,265576,258350,148498,75981,72517,66536,32609,33927,250289,128959,121330,38345,17816,20529,20258,10211,10047
Mid,2037,203707,000,State of Texas,35,35 yrs,530793,268816,261977,150693,77075,73618,71557,34596,36961,248194,128420,119774,40125,18669,21456,20224,10056,10168
Mid,2037,203707,000,State of Texas,36,36 yrs,536850,269439,267411,157164,79601,77563,71829,34386,37443,245565,125697,119868,42257,19847,22410,20035,9908,10127
Mid,2037,203707,000,State of Texas,37,37 yrs,532526,269160,263366,160379,81809,78570,71311,34206,37105,240708,123919,116789,41254,19600,21654,18874,9626,9248
Mid,2037,203707,000,State of Texas,38,38 yrs,509064,257318,251746,154706,78860,75846,67239,32438,34801,229308,117926,111382,40071,19224,20847,17740,8870,8870
Mid,2037,203707,000,State of Texas,39,39 yrs,494201,250443,243758,150605,76933,73672,65053,31425,33628,221055,114050,107005,40218,19445,20773,17270,8590,8680
Mid,2037,203707,000,State of Texas,40,40 yrs,485130,245700,239430,150493,76873,73620,63104,30345,32759,215209,111188,104021,39931,19156,20775,16393,8138,8255
Mid,2037,203707,000,State of Texas,41,41 yrs,482770,243438,239332,151438,77016,74422,62508,30053,32455,212142,108839,103303,39716,19186,20530,16966,8344,8622
Mid,2037,203707,000,State of Texas,42,42 yrs,495648,250508,245140,157222,80378,76844,65141,31137,34004,217254,111652,105602,39483,19113,20370,16548,8228,8320
Mid,2037,203707,000,State of Texas,43,43 yrs,477347,239271,238076,152821,77796,75025,63329,30281,33048,205991,104533,101458,38949,18800,20149,16257,7861,8396
Mid,2037,203707,000,State of Texas,44,44 yrs,478244,239568,238676,154583,78759,75824,63996,30430,33566,203908,103312,100596,39560,19186,20374,16197,7881,8316
Mid,2037,203707,000,State of Texas,45,45 yrs,483146,241648,241498,160338,81713,78625,64417,30521,33896,202777,102557,100220,39522,18988,20534,16092,7869,8223
Mid,2037,203707,000,State of Texas,46,46 yrs,476530,237701,238829,161835,82348,79487,63277,29882,33395,195623,98684,96939,39372,18895,20477,16423,7892,8531
Mid,2037,203707,000,State of Texas,47,47 yrs,505660,253064,252596,173046,88144,84902,66951,31654,35297,207671,105348,102323,40976,19732,21244,17016,8186,8830
Mid,2037,203707,000,State of Texas,48,48 yrs,454123,224955,229168,159276,81005,78271,59470,27960,31510,179998,89602,90396,39404,18763,20641,15975,7625,8350
Mid,2037,203707,000,State of Texas,49,49 yrs,456857,226721,230136,161143,81779,79364,58763,27426,31337,182635,91623,91012,38690,18428,20262,15626,7465,8161
Mid,2037,203707,000,State of Texas,50,50 yrs,446926,221135,225791,159553,80765,78788,56499,26701,29798,177836,88361,89475,37469,18000,19469,15569,7308,8261
Mid,2037,203707,000,State of Texas,51,51 yrs,445335,220134,225201,160949,81475,79474,56160,26299,29861,175279,87000,88279,37872,18163,19709,15075,7197,7878
Mid,2037,203707,000,State of Texas,52,52 yrs,466650,232063,234587,168293,85766,82527,58108,27552,30556,185972,92727,93245,38839,18762,20077,15438,7256,8182
Mid,2037,203707,000,State of Texas,53,53 yrs,429573,211388,218185,155782,78876,76906,53468,24948,28520,168380,82902,85478,37186,17755,19431,14757,6907,7850
Mid,2037,203707,000,State of Texas,54,54 yrs,431456,212123,219333,157312,79840,77472,53861,25253,28608,168862,82527,86335,36465,17437,19028,14956,7066,7890
Mid,2037,203707,000,State of Texas,55,55 yrs,427253,209496,217757,155561,78677,76884,52547,24483,28064,169222,82858,86364,35444,16772,18672,14479,6706,7773
Mid,2037,203707,000,State of Texas,56,56 yrs,419481,204955,214526,152972,77429,75543,52757,24386,28371,164848,80123,84725,34158,16154,18004,14746,6863,7883
Mid,2037,203707,000,State of Texas,57,57 yrs,443145,218130,225015,158536,80113,78423,55924,26115,29809,179359,88751,90608,34827,16361,18466,14499,6790,7709
Mid,2037,203707,000,State of Texas,58,58 yrs,384592,187464,197128,139872,70696,69176,48799,22621,26178,150468,72823,77645,31955,15045,16910,13498,6279,7219
Mid,2037,203707,000,State of Texas,59,59 yrs,384062,186074,197988,139447,69839,69608,46915,21742,25173,153862,73965,79897,30658,14516,16142,13180,6012,7168
Mid,2037,203707,000,State of Texas,60,60 yrs,373270,181056,192214,134585,67462,67123,45291,21082,24209,150104,72122,77982,30560,14457,16103,12730,5933,6797
Mid,2037,203707,000,State of Texas,61,61 yrs,365130,176836,188294,131398,66110,65288,43925,20096,23829,146736,70376,76360,30916,14704,16212,12155,5550,6605
Mid,2037,203707,000,State of Texas,62,62 yrs,384133,187471,196662,138919,69633,69286,45134,21191,23943,155997,75733,80264,31645,15174,16471,12438,5740,6698
Mid,2037,203707,000,State of Texas,63,63 yrs,351825,169639,182186,129122,64371,64751,42458,19579,22879,139330,66342,72988,29659,14142,15517,11256,5205,6051
Mid,2037,203707,000,State of Texas,64,64 yrs,354517,170371,184146,132040,65653,66387,43234,19797,23437,137839,65479,72360,29568,14043,15525,11836,5399,6437
Mid,2037,203707,000,State of Texas,65,65 yrs,361581,173291,188290,141092,69981,71111,43172,19712,23460,136652,64470,72182,28926,13674,15252,11739,5454,6285
Mid,2037,203707,000,State of Texas,66,66 yrs,366823,175528,191295,150108,74174,75934,44062,20068,23994,132945,62634,70311,27575,13085,14490,12133,5567,6566
Mid,2037,203707,000,State of Texas,67,67 yrs,371532,178570,192962,152036,74949,77087,43258,19621,23637,137268,65766,71502,27140,12761,14379,11830,5473,6357
Mid,2037,203707,000,State of Texas,68,68 yrs,326414,155316,171098,136018,66578,69440,37716,16993,20723,117726,55573,62153,24362,11361,13001,10592,4811,5781
Mid,2037,203707,000,State of Texas,69,69 yrs,314076,149081,164995,129843,63543,66300,36880,16662,20218,115066,54023,61043,22246,10369,11877,10041,4484,5557
Mid,2037,203707,000,State of Texas,70,70 yrs,303931,143543,160388,128385,62196,66189,36015,15964,20051,109359,51610,57749,20352,9434,10918,9820,4339,5481
Mid,2037,203707,000,State of Texas,71,71 yrs,303446,143086,160360,129357,62384,66973,36170,15972,20198,108086,51079,57007,20081,9341,10740,9752,4310,5442
Mid,2037,203707,000,State of Texas,72,72 yrs,318824,149741,169083,142407,68334,74073,37189,16234,20955,109481,51589,57892,19532,9038,10494,10215,4546,5669
Mid,2037,203707,000,State of Texas,73,73 yrs,304721,141838,162883,141700,67331,74369,34526,14866,19660,99685,46622,53063,18585,8520,10065,10225,4499,5726
Mid,2037,203707,000,State of Texas,74,74 yrs,297531,137515,160016,141884,67106,74778,33462,14328,19134,94686,43761,50925,17353,7866,9487,10146,4454,5692
Mid,2037,203707,000,State of Texas,75,75 yrs,287860,132594,155266,140998,66290,74708,31925,13636,18289,89690,41472,48218,15474,6990,8484,9773,4206,5567
Mid,2037,203707,000,State of Texas,76,76 yrs,279920,127856,152064,138979,65080,73899,31203,13165,18038,85477,39072,46405,14952,6598,8354,9309,3941,5368
Mid,2037,203707,000,State of Texas,77,77 yrs,278679,127002,151677,140115,65258,74857,30322,12724,17598,84772,38803,45969,14568,6305,8263,8902,3912,4990
Mid,2037,203707,000,State of Texas,78,78 yrs,250572,113031,137541,128769,59623,69146,27331,11353,15978,73176,33028,40148,13045,5506,7539,8251,3521,4730
Mid,2037,203707,000,State of Texas,79,79 yrs,242704,108351,134353,126563,57976,68587,25753,10581,15172,70232,31260,38972,12191,5091,7100,7965,3443,4522
Mid,2037,203707,000,State of Texas,80,80 yrs,225543,99115,126428,118233,53257,64976,23711,9547,14164,64711,28536,36175,11436,4682,6754,7452,3093,4359
Mid,2037,203707,000,State of Texas,81,81 yrs,209606,91756,117850,110689,49624,61065,21728,8750,12978,59816,26205,33611,10645,4351,6294,6728,2826,3902
Mid,2037,203707,000,State of Texas,82,82 yrs,201439,87488,113951,107732,48016,59716,20447,8030,12417,56979,24753,32226,9967,4050,5917,6314,2639,3675
Mid,2037,203707,000,State of Texas,83,83 yrs,175846,74779,101067,95957,41807,54150,17178,6613,10565,48632,20670,27962,8613,3477,5136,5466,2212,3254
Mid,2037,203707,000,State of Texas,84,84 yrs,161990,68528,93462,88942,38678,50264,15533,5899,9634,44535,18786,25749,8102,3209,4893,4878,1956,2922
Mid,2037,203707,000,State of Texas,85,85 yrs,144254,60413,83841,80233,34544,45689,13633,5002,8631,39389,16487,22902,6813,2628,4185,4186,1752,2434
Mid,2037,203707,000,State of Texas,86,86 yrs,127769,52560,75209,69741,29513,40228,12322,4396,7926,35726,14789,20937,6344,2405,3939,3636,1457,2179
Mid,2037,203707,000,State of Texas,87,87 yrs,118507,48228,70279,65547,27485,38062,10804,3861,6943,32831,13378,19453,5989,2259,3730,3336,1245,2091
Mid,2037,203707,000,State of Texas,88,88 yrs,100775,40542,60233,57189,23604,33585,8963,3171,5792,27104,10890,16214,4709,1794,2915,2810,1083,1727
Mid,2037,203707,000,State of Texas,89,89 yrs,92185,36974,55211,53952,22183,31769,7576,2651,4925,24081,9653,14428,4043,1495,2548,2533,992,1541
Mid,2037,203707,000,State of Texas,90,90 yrs,79731,31464,48267,47887,19423,28464,6108,2105,4003,20321,7921,12400,3277,1225,2052,2138,790,1348
Mid,2037,203707,000,State of Texas,91,91 yrs,55089,21360,33729,30860,12370,18490,4495,1480,3015,15780,6027,9753,2522,953,1569,1432,530,902
Mid,2037,203707,000,State of Texas,92,92 yrs,48407,18400,30007,27877,10844,17033,3813,1224,2589,13347,5059,8288,2130,816,1314,1240,457,783
Mid,2037,203707,000,State of Texas,93,93 yrs,40087,14902,25185,23878,9145,14733,3039,959,2080,10559,3855,6704,1579,585,994,1032,358,674
Mid,2037,203707,000,State of Texas,94,94 yrs,32135,11836,20299,19470,7358,12112,2448,785,1663,8146,2920,5226,1262,479,783,809,294,515
Mid,2037,203707,000,State of Texas,95,95+ yrs,92034,31789,60245,54970,19485,35485,7181,2101,5080,24189,8214,15975,3539,1272,2267,2155,717,1438
Mid,2038,203807,000,State of Texas,-1,All Ages,36409682,17995034,18414648,11944966,5927412,6017554,4470367,2134163,2336204,15893910,7951489,7942421,2496446,1195454,1300992,1603993,786516,817477
Mid,2038,203807,000,State of Texas,0,< 1 yr,417746,213051,204695,100670,51342,49328,48626,24799,23827,212403,108326,104077,18363,9365,8998,37684,19219,18465
Mid,2038,203807,000,State of Texas,1,1 yr,421354,214779,206575,101678,51850,49828,49124,25031,24093,214998,109567,105431,18762,9571,9191,36792,18760,18032
Mid,2038,203807,000,State of Texas,2,2 yrs,425194,216705,208489,102865,52463,50402,49711,25319,24392,217420,110772,106648,19225,9810,9415,35973,18341,17632
Mid,2038,203807,000,State of Texas,3,3 yrs,428437,218349,210088,104003,53050,50953,50288,25602,24686,219336,111742,107594,19672,10038,9634,35138,17917,17221
Mid,2038,203807,000,State of Texas,4,4 yrs,430963,219635,211328,105060,53599,51461,50806,25853,24953,220765,112471,108294,20065,10238,9827,34267,17474,16793
Mid,2038,203807,000,State of Texas,5,5 yrs,432964,220651,212313,106067,54118,51949,51259,26077,25182,221866,113036,108830,20401,10402,9999,33371,17018,16353
Mid,2038,203807,000,State of Texas,6,6 yrs,434504,221438,213066,107023,54610,52413,51686,26287,25399,222653,113449,109204,20678,10535,10143,32464,16557,15907
Mid,2038,203807,000,State of Texas,7,7 yrs,435599,222036,213563,107941,55087,52854,52045,26466,25579,223152,113752,109400,20908,10641,10267,31553,16090,15463
Mid,2038,203807,000,State of Texas,8,8 yrs,436436,222499,213937,108869,55561,53308,52370,26626,25744,223453,113953,109500,21101,10731,10370,30643,15628,15015
Mid,2038,203807,000,State of Texas,9,9 yrs,436836,222743,214093,109776,56029,53747,52640,26758,25882,223412,113983,109429,21276,10813,10463,29732,15160,14572
Mid,2038,203807,000,State of Texas,10,10 yrs,436981,222852,214129,110682,56493,54189,52841,26853,25988,223177,113909,109268,21443,10889,10554,28838,14708,14130
Mid,2038,203807,000,State of Texas,11,11 yrs,436850,222820,214030,111605,56959,54646,53026,26943,26083,222658,113692,108966,21612,10972,10640,27949,14254,13695
Mid,2038,203807,000,State of Texas,12,12 yrs,436426,222629,213797,112503,57411,55092,53145,26993,26152,221922,113362,108560,21784,11056,10728,27072,13807,13265
Mid,2038,203807,000,State of Texas,13,13 yrs,436197,222551,213646,113501,57920,55581,53284,27057,26227,221261,113072,108189,21940,11135,10805,26211,13367,12844
Mid,2038,203807,000,State of Texas,14,14 yrs,435684,222317,213367,114438,58388,56050,53353,27084,26269,220460,112713,107747,22084,11207,10877,25349,12925,12424
Mid,2038,203807,000,State of Texas,15,15 yrs,435391,222190,213201,115401,58865,56536,53447,27120,26327,219789,112426,107363,22258,11288,10970,24496,12491,12005
Mid,2038,203807,000,State of Texas,16,16 yrs,433978,221421,212557,116200,59258,56942,53655,27243,26412,218556,111731,106825,21991,11166,10825,23576,12023,11553
Mid,2038,203807,000,State of Texas,17,17 yrs,433813,221350,212463,117092,59692,57400,53596,27187,26409,218111,111585,106526,22316,11309,11007,22698,11577,11121
Mid,2038,203807,000,State of Texas,18,18 yrs,405577,206810,198767,108597,55475,53122,50350,25328,25022,198331,101399,96932,26589,13544,13045,21710,11064,10646
Mid,2038,203807,000,State of Texas,19,19 yrs,414325,210888,203437,113200,57861,55339,52248,26174,26074,200580,102404,98176,27202,13716,13486,21095,10733,10362
Mid,2038,203807,000,State of Texas,20,20 yrs,431204,219372,211832,117089,59740,57349,54885,27646,27239,208135,106341,101794,29110,14476,14634,21985,11169,10816
Mid,2038,203807,000,State of Texas,21,21 yrs,450069,229426,220643,123675,63125,60550,56407,28399,28008,216688,110878,105810,30981,15523,15458,22318,11501,10817
Mid,2038,203807,000,State of Texas,22,22 yrs,468466,238370,230096,130037,66340,63697,58613,29109,29504,225196,115478,109718,31843,15905,15938,22777,11538,11239
Mid,2038,203807,000,State of Texas,23,23 yrs,479987,244868,235119,132003,67625,64378,60318,30102,30216,231079,118776,112303,33433,16703,16730,23154,11662,11492
Mid,2038,203807,000,State of Texas,24,24 yrs,479309,244301,235008,132779,67957,64822,60257,30188,30069,230457,118194,112263,33520,16654,16866,22296,11308,10988
Mid,2038,203807,000,State of Texas,25,25 yrs,481938,244886,237052,133492,67786,65706,60403,29979,30424,230488,118251,112237,35294,17742,17552,22261,11128,11133
Mid,2038,203807,000,State of Texas,26,26 yrs,485399,246883,238516,133468,67737,65731,61309,30496,30813,233551,120301,113250,35193,17252,17941,21878,11097,10781
Mid,2038,203807,000,State of Texas,27,27 yrs,493087,251180,241907,136094,69635,66459,62599,31095,31504,237109,122220,114889,35591,17223,18368,21694,11007,10687
Mid,2038,203807,000,State of Texas,28,28 yrs,519317,263710,255607,141068,72205,68863,66092,32436,33656,252744,129826,122918,36574,17584,18990,22839,11659,11180
Mid,2038,203807,000,State of Texas,29,29 yrs,522677,265720,256957,142319,72736,69583,66852,33070,33782,254191,130812,123379,36959,17767,19192,22356,11335,11021
Mid,2038,203807,000,State of Texas,30,30 yrs,538739,273083,265656,146332,74579,71753,68924,33932,34992,262301,134785,127516,38417,18314,20103,22765,11473,11292
Mid,2038,203807,000,State of Texas,31,31 yrs,536957,272030,264927,147039,75049,71990,69294,34133,35161,260435,133478,126957,37798,17937,19861,22391,11433,10958
Mid,2038,203807,000,State of Texas,32,32 yrs,530311,269203,261108,146377,75004,71373,67657,33042,34615,256224,132153,124071,38263,17974,20289,21790,11030,10760
Mid,2038,203807,000,State of Texas,33,33 yrs,536041,272485,263556,148441,76012,72429,68153,33425,34728,258622,133889,124733,39202,18357,20845,21623,10802,10821
Mid,2038,203807,000,State of Texas,34,34 yrs,534379,271024,263355,150253,76728,73525,67916,33300,34616,255515,131782,123733,39376,18483,20893,21319,10731,10588
Mid,2038,203807,000,State of Texas,35,35 yrs,528738,267887,260851,149551,76511,73040,67473,32998,34475,252144,129951,122193,39271,18195,21076,20299,10232,10067
Mid,2038,203807,000,State of Texas,36,36 yrs,534607,270845,263762,151161,77342,73819,72050,34834,37216,250009,129414,120595,41127,19183,21944,20260,10072,10188
Mid,2038,203807,000,State of Texas,37,37 yrs,540318,271247,269071,157602,79851,77751,72299,34609,37690,247142,126530,120612,43204,20333,22871,20071,9924,10147
Mid,2038,203807,000,State of Texas,38,38 yrs,535624,270743,264881,160777,82036,78741,71743,34408,37335,242076,124618,117458,42120,20042,22078,18908,9639,9269
Mid,2038,203807,000,State of Texas,39,39 yrs,511829,258692,253137,155061,79062,75999,67635,32623,35012,230519,118515,112004,40845,19610,21235,17769,8882,8887
Mid,2038,203807,000,State of Texas,40,40 yrs,496689,251635,245054,150925,77112,73813,65416,31591,33825,222124,114539,107585,40927,19793,21134,17297,8600,8697
Mid,2038,203807,000,State of Texas,41,41 yrs,487406,246777,240629,150784,77042,73742,63442,30499,32943,216165,111608,104557,40597,19481,21116,16418,8147,8271
Mid,2038,203807,000,State of Texas,42,42 yrs,484853,244392,240461,151703,77169,74534,62820,30196,32624,212984,109176,103808,40357,19499,20858,16989,8352,8637
Mid,2038,203807,000,State of Texas,43,43 yrs,497556,251382,246174,157451,80516,76935,65438,31274,34164,218004,111935,106069,40095,19422,20673,16568,8235,8333
Mid,2038,203807,000,State of Texas,44,44 yrs,479174,240129,239045,153030,77927,75103,63622,30418,33204,206703,104802,101901,39545,19116,20429,16274,7866,8408
Mid,2038,203807,000,State of Texas,45,45 yrs,479970,240398,239572,154764,78875,75889,64268,30562,33706,204585,103576,101009,40141,19499,20642,16212,7886,8326
Mid,2038,203807,000,State of Texas,46,46 yrs,484678,242382,242296,160474,81801,78673,64662,30634,34028,203363,102783,100580,40075,19293,20782,16104,7871,8233
Mid,2038,203807,000,State of Texas,47,47 yrs,477818,238299,239519,161926,82405,79521,63496,29984,33512,196075,98841,97234,39890,19178,20712,16431,7891,8540
Mid,2038,203807,000,State of Texas,48,48 yrs,506582,253429,253153,173059,88151,84908,67121,31723,35398,207948,105393,102555,41436,19980,21456,17018,8182,8836
Mid,2038,203807,000,State of Texas,49,49 yrs,454886,225237,229649,159261,80992,78269,59609,28013,31596,180234,89638,90596,39807,18974,20833,15975,7620,8355
Mid,2038,203807,000,State of Texas,50,50 yrs,457373,226874,230499,161071,81732,79339,58858,27454,31404,182791,91629,91162,39031,18601,20430,15622,7458,8164
Mid,2038,203807,000,State of Texas,51,51 yrs,447270,221197,226073,159433,80685,78748,56556,26703,29853,177933,88349,89584,37787,18161,19626,15561,7299,8262
Mid,2038,203807,000,State of Texas,52,52 yrs,445513,220105,225408,160777,81361,79416,56194,26286,29908,175305,86960,88345,38175,18313,19862,15062,7185,7877
Mid,2038,203807,000,State of Texas,53,53 yrs,466607,231875,234732,168037,85593,82444,58103,27514,30589,185917,92631,93286,39132,18897,20235,15418,7240,8178
Mid,2038,203807,000,State of Texas,54,54 yrs,429500,211175,218325,155511,78695,76816,53456,24903,28553,168314,82805,85509,37483,17882,19601,14736,6890,7846
Mid,2038,203807,000,State of Texas,55,55 yrs,431230,211810,219420,156974,79619,77355,53829,25193,28636,168737,82394,86343,36758,17554,19204,14932,7050,7882
Mid,2038,203807,000,State of Texas,56,56 yrs,426882,209087,217795,155161,78417,76744,52494,24412,28082,169038,82680,86358,35745,16897,18848,14444,6681,7763
Mid,2038,203807,000,State of Texas,57,57 yrs,418934,204437,214497,152506,77129,75377,52662,24293,28369,164622,79911,84711,34442,16272,18170,14702,6832,7870
Mid,2038,203807,000,State of Texas,58,58 yrs,442234,217386,224848,157953,79742,78211,55769,25986,29783,178977,88432,90545,35088,16471,18617,14447,6755,7692
Mid,2038,203807,000,State of Texas,59,59 yrs,383749,186786,196963,139312,70341,68971,48656,22502,26154,150126,72545,77581,32213,15157,17056,13442,6241,7201
Mid,2038,203807,000,State of Texas,60,60 yrs,382962,185257,197705,138800,69430,69370,46740,21606,25134,153396,73623,79773,30908,14626,16282,13118,5972,7146
Mid,2038,203807,000,State of Texas,61,61 yrs,372004,180133,191871,133890,67022,66868,45088,20929,24159,149560,71729,77831,30803,14564,16239,12663,5889,6774
Mid,2038,203807,000,State of Texas,62,62 yrs,363641,175778,187863,130621,65614,65007,43685,19923,23762,146119,69941,76178,31132,14796,16336,12084,5504,6580
Mid,2038,203807,000,State of Texas,63,63 yrs,382185,186123,196062,137985,69040,68945,44827,20971,23856,155196,75183,80013,31821,15241,16580,12356,5688,6668
Mid,2038,203807,000,State of Texas,64,64 yrs,349801,168271,181530,128157,63768,64389,42125,19350,22775,138548,65813,72735,29798,14188,15610,11173,5152,6021
Mid,2038,203807,000,State of Texas,65,65 yrs,352106,168779,183327,130928,64963,65965,42836,19530,23306,136952,64891,72061,29652,14057,15595,11738,5338,6400
Mid,2038,203807,000,State of Texas,66,66 yrs,358043,171045,186998,139528,69005,70523,42584,19349,23235,135484,63741,71743,28788,13550,15238,11659,5400,6259
Mid,2038,203807,000,State of Texas,67,67 yrs,362763,172984,189779,148278,73041,75237,43399,19664,23735,131672,61843,69829,27382,12934,14448,12032,5502,6530
Mid,2038,203807,000,State of Texas,68,68 yrs,366968,175745,191223,150008,73706,76302,42549,19193,23356,135797,64849,70948,26896,12596,14300,11718,5401,6317
Mid,2038,203807,000,State of Texas,69,69 yrs,322096,152679,169417,134070,65394,68676,37055,16596,20459,116374,54743,61631,24113,11203,12910,10484,4743,5741
Mid,2038,203807,000,State of Texas,70,70 yrs,309568,146347,163221,127835,62328,65507,36178,16244,19934,113631,53148,60483,21997,10212,11785,9927,4415,5512
Mid,2038,203807,000,State of Texas,71,71 yrs,299170,140688,158482,126232,60910,65322,35278,15535,19743,107867,50702,57165,20100,9277,10823,9693,4264,5429
Mid,2038,203807,000,State of Texas,72,72 yrs,298246,140000,158246,126992,60990,66002,35370,15512,19858,106469,50099,56370,19802,9170,10632,9613,4229,5384
Mid,2038,203807,000,State of Texas,73,73 yrs,312792,146219,166573,139547,66674,72873,36295,15731,20564,107675,50507,57168,19227,8856,10371,10048,4451,5597
Mid,2038,203807,000,State of Texas,74,74 yrs,298328,138168,160160,138546,65528,73018,33625,14369,19256,97865,45550,52315,18257,8328,9929,10035,4393,5642
Mid,2038,203807,000,State of Texas,75,75 yrs,290708,133658,157050,138435,65155,73280,32518,13815,18703,92802,42676,50126,17016,7673,9343,9937,4339,5598
Mid,2038,203807,000,State of Texas,76,76 yrs,280625,128545,152080,137243,64188,73055,30950,13111,17839,87744,40359,47385,15141,6802,8339,9547,4085,5462
Mid,2038,203807,000,State of Texas,77,77 yrs,272122,123548,148574,134881,62805,72076,30163,12613,17550,83423,37917,45506,14587,6398,8189,9068,3815,5253
Mid,2038,203807,000,State of Texas,78,78 yrs,270040,122283,147757,135508,62729,72779,29213,12143,17070,82509,37546,44963,14167,6092,8075,8643,3773,4870
Mid,2038,203807,000,State of Texas,79,79 yrs,241955,108418,133537,124070,57082,66988,26237,10791,15446,71023,31862,39161,12642,5300,7342,7983,3383,4600
Mid,2038,203807,000,State of Texas,80,80 yrs,233457,103489,129968,121445,55253,66192,24624,10012,14612,67946,30052,37894,11768,4879,6889,7674,3293,4381
Mid,2038,203807,000,State of Texas,81,81 yrs,215957,94184,121773,112893,50475,62418,22568,8987,13581,62363,27317,35046,10987,4463,6524,7146,2942,4204
Mid,2038,203807,000,State of Texas,82,82 yrs,199637,86682,112955,105086,46732,58354,20573,8189,12384,57392,24968,32424,10169,4121,6048,6417,2672,3745
Mid,2038,203807,000,State of Texas,83,83 yrs,190705,82076,108629,101620,44878,56742,19251,7466,11785,54388,23448,30940,9461,3807,5654,5985,2477,3508
Mid,2038,203807,000,State of Texas,84,84 yrs,165430,69647,95783,89913,38775,51138,16082,6109,9973,46161,19457,26704,8124,3244,4880,5150,2062,3088
Mid,2038,203807,000,State of Texas,85,85 yrs,151288,63305,87983,82718,35573,47145,14440,5407,9033,41982,17548,24434,7585,2969,4616,4563,1808,2755
Mid,2038,203807,000,State of Texas,86,86 yrs,133670,55317,78353,74026,31487,42539,12581,4546,8035,36849,15268,21581,6331,2411,3920,3883,1605,2278
Mid,2038,203807,000,State of Texas,87,87 yrs,117453,47709,69744,63824,26664,37160,11283,3961,7322,33153,13574,19579,5845,2186,3659,3348,1324,2024
Mid,2038,203807,000,State of Texas,88,88 yrs,107923,43337,64586,59420,24582,34838,9803,3445,6358,30188,12157,18031,5467,2033,3434,3045,1120,1925
Mid,2038,203807,000,State of Texas,89,89 yrs,90846,36037,54809,51320,20883,30437,8056,2802,5254,24675,9791,14884,4256,1597,2659,2539,964,1575
Mid,2038,203807,000,State of Texas,90,90 yrs,82171,32482,49689,47878,19400,28478,6737,2316,4421,21677,8576,13101,3616,1317,2299,2263,873,1390
Mid,2038,203807,000,State of Texas,91,91 yrs,70220,27297,42923,41990,16777,25213,5372,1819,3553,18075,6949,11126,2895,1065,1830,1888,687,1201
Mid,2038,203807,000,State of Texas,92,92 yrs,47912,18292,29620,26708,10542,16166,3906,1263,2643,13850,5214,8636,2199,818,1381,1249,455,794
Mid,2038,203807,000,State of Texas,93,93 yrs,41498,15526,25972,23790,9109,14681,3271,1031,2240,11541,4310,7231,1830,690,1140,1066,386,680
Mid,2038,203807,000,State of Texas,94,94 yrs,33844,12381,21463,20073,7566,12507,2571,797,1774,8987,3231,5756,1338,488,850,875,299,576
Mid,2038,203807,000,State of Texas,95,95+ yrs,98393,34144,64249,58807,20949,37858,7684,2274,5410,25704,8744,16960,3831,1380,2451,2367,797,1570
Mid,2039,203907,000,State of Texas,-1,All Ages,36745908,18163664,18582244,11924803,5918021,6006782,4519562,2157353,2362209,16118141,8066069,8052072,2546808,1219119,1327689,1636594,803102,833492
Mid,2039,203907,000,State of Texas,0,< 1 yr,416581,212457,204124,99734,50864,48870,48458,24714,23744,211319,107773,103546,18601,9487,9114,38469,19619,18850
Mid,2039,203907,000,State of Texas,1,1 yr,420659,214423,206236,100813,51410,49403,49001,24967,24034,214204,109162,105042,19024,9704,9320,37617,19180,18437
Mid,2039,203907,000,State of Texas,2,2 yrs,425121,216667,208454,102090,52067,50023,49652,25288,24364,217039,110577,106462,19494,9948,9546,36846,18787,18059
Mid,2039,203907,000,State of Texas,3,3 yrs,428840,218559,210281,103299,52695,50604,50259,25586,24673,219283,111716,107567,19958,10184,9774,36041,18378,17663
Mid,2039,203907,000,State of Texas,4,4 yrs,431897,220107,211790,104414,53268,51146,50828,25864,24964,221072,112628,108444,20380,10396,9984,35203,17951,17252
Mid,2039,203907,000,State of Texas,5,5 yrs,434364,221362,213002,105454,53805,51649,51332,26112,25220,222503,113361,109142,20743,10577,10166,34332,17507,16825
Mid,2039,203907,000,State of Texas,6,6 yrs,436320,222373,213947,106457,54324,52133,51777,26333,25444,223609,113946,109663,21037,10716,10321,33440,17054,16386
Mid,2039,203907,000,State of Texas,7,7 yrs,437829,223160,214669,107398,54809,52589,52191,26538,25653,224430,114392,110038,21278,10829,10449,32532,16592,15940
Mid,2039,203907,000,State of Texas,8,8 yrs,438890,223750,215140,108302,55276,53026,52538,26710,25828,224950,114717,110233,21481,10923,10558,31619,16124,15495
Mid,2039,203907,000,State of Texas,9,9 yrs,439720,224215,215505,109222,55742,53480,52860,26868,25992,225274,114940,110334,21655,11004,10651,30709,15661,15048
Mid,2039,203907,000,State of Texas,10,10 yrs,440124,224448,215676,110115,56201,53914,53122,26996,26126,225273,114979,110294,21814,11077,10737,29800,15195,14605
Mid,2039,203907,000,State of Texas,11,11 yrs,440220,224536,215684,111019,56662,54357,53318,27087,26231,225009,114893,110116,21970,11152,10818,28904,14742,14162
Mid,2039,203907,000,State of Texas,12,12 yrs,440047,224475,215572,111944,57128,54816,53495,27169,26326,224467,114660,109807,22125,11229,10896,28016,14289,13727
Mid,2039,203907,000,State of Texas,13,13 yrs,439587,224277,215310,112845,57582,55263,53616,27222,26394,223715,114329,109386,22274,11304,10970,27137,13840,13297
Mid,2039,203907,000,State of Texas,14,14 yrs,439370,224198,215172,113851,58090,55761,53752,27283,26469,223067,114049,109018,22424,11377,11047,26276,13399,12877
Mid,2039,203907,000,State of Texas,15,15 yrs,438961,224004,214957,114823,58572,56251,53840,27318,26522,222291,113700,108591,22595,11458,11137,25412,12956,12456
Mid,2039,203907,000,State of Texas,16,16 yrs,438927,224002,214925,115852,59076,56776,53982,27373,26609,221698,113467,108231,22833,11563,11270,24562,12523,12039
Mid,2039,203907,000,State of Texas,17,17 yrs,437863,223401,214462,116713,59496,57217,54270,27528,26742,220580,112842,107738,22661,11481,11180,23639,12054,11585
Mid,2039,203907,000,State of Texas,18,18 yrs,438100,223525,214575,117672,59957,57715,54265,27495,26770,220257,112775,107482,23137,11687,11450,22769,11611,11158
Mid,2039,203907,000,State of Texas,19,19 yrs,410376,209220,201156,109559,55954,53605,51289,25734,25555,200308,102518,97790,27466,13929,13537,21754,11085,10669
Mid,2039,203907,000,State of Texas,20,20 yrs,419403,213423,205980,114200,58349,55851,53226,26597,26629,202638,103559,99079,28202,14165,14037,21137,10753,10384
Mid,2039,203907,000,State of Texas,21,21 yrs,436463,221989,214474,118134,60255,57879,55878,28071,27807,210250,107507,102743,30176,14967,15209,22025,11189,10836
Mid,2039,203907,000,State of Texas,22,22 yrs,455463,232107,223356,124733,63651,61082,57409,28833,28576,218857,112059,106798,32106,16044,16062,22358,11520,10838
Mid,2039,203907,000,State of Texas,23,23 yrs,473977,241071,232906,131092,66866,64226,59615,29536,30079,227407,116649,110758,33047,16463,16584,22816,11557,11259
Mid,2039,203907,000,State of Texas,24,24 yrs,485721,247655,238066,133075,68161,64914,61348,30538,30810,233400,119999,113401,34695,17271,17424,23203,11686,11517
Mid,2039,203907,000,State of Texas,25,25 yrs,485264,247161,238103,133866,68496,65370,61307,30624,30683,232932,119503,113429,34813,17207,17606,22346,11331,11015
Mid,2039,203907,000,State of Texas,26,26 yrs,488132,247869,240263,134596,68333,66263,61473,30413,31060,233143,119694,113449,36609,18279,18330,22311,11150,11161
Mid,2039,203907,000,State of Texas,27,27 yrs,491709,249901,241808,134585,68286,66299,62391,30933,31458,236295,121802,114493,36505,17757,18748,21933,11123,10810
Mid,2039,203907,000,State of Texas,28,28 yrs,499408,254196,245212,137224,70190,67034,63680,31535,32145,239862,123724,116138,36896,17716,19180,21746,11031,10715
Mid,2039,203907,000,State of Texas,29,29 yrs,525552,266703,258849,142201,72768,69433,67186,32884,34302,255456,131306,124150,37823,18064,19759,22886,11681,11205
Mid,2039,203907,000,State of Texas,30,30 yrs,528820,268694,260126,143457,73303,70154,67942,33522,34420,256864,132275,124589,38150,18235,19915,22407,11359,11048
Mid,2039,203907,000,State of Texas,31,31 yrs,544764,276044,268720,147482,75156,72326,70010,34383,35627,264900,136226,128674,39553,18782,20771,22819,11497,11322
Mid,2039,203907,000,State of Texas,32,32 yrs,542685,274858,267827,148165,75619,72546,70345,34578,35767,262855,134817,128038,38880,18388,20492,22440,11456,10984
Mid,2039,203907,000,State of Texas,33,33 yrs,535702,271841,263861,147470,75554,71916,68661,33470,35191,258438,133362,125076,39299,18405,20894,21834,11050,10784
Mid,2039,203907,000,State of Texas,34,34 yrs,541164,274969,266195,149517,76553,72964,69119,33834,35285,260670,134994,125676,40193,18768,21425,21665,10820,10845
Mid,2039,203907,000,State of Texas,35,35 yrs,539239,273362,265877,151317,77267,74050,68865,33695,35170,257388,132783,124605,40308,18865,21443,21361,10752,10609
Mid,2039,203907,000,State of Texas,36,36 yrs,532574,269929,262645,150012,76774,73238,67970,33237,34733,253974,130955,123019,40281,18714,21567,20337,10249,10088
Mid,2039,203907,000,State of Texas,37,37 yrs,538086,272666,265420,151597,77592,74005,72512,35053,37459,251615,130270,121345,42068,19665,22403,20294,10086,10208
Mid,2039,203907,000,State of Texas,38,38 yrs,543472,272860,270612,158008,80082,77926,72740,34816,37924,248536,127243,121293,44082,20781,23301,20106,9938,10168
Mid,2039,203907,000,State of Texas,39,39 yrs,538453,272143,266310,161143,82240,78903,72156,34601,37555,243305,125214,118091,42910,20436,22474,18939,9652,9287
Mid,2039,203907,000,State of Texas,40,40 yrs,514364,259910,254454,155390,79249,76141,68010,32794,35216,231607,119014,112593,41561,19962,21599,17796,8891,8905
Mid,2039,203907,000,State of Texas,41,41 yrs,499032,252739,246293,151226,77283,73943,65766,31750,34016,223119,114979,108140,41598,20118,21480,17323,8609,8714
Mid,2039,203907,000,State of Texas,42,42 yrs,489516,247744,241772,151048,77194,73854,63762,30645,33117,217023,111953,105070,41240,19795,21445,16443,8157,8286
Mid,2039,203907,000,State of Texas,43,43 yrs,486815,245292,241523,151936,77310,74626,63123,30336,32787,213772,109476,104296,40973,19810,21163,17011,8360,8651
Mid,2039,203907,000,State of Texas,44,44 yrs,499384,252229,247155,157657,80639,77018,65724,31408,34316,218725,112206,106519,40693,19736,20957,16585,8240,8345
Mid,2039,203907,000,State of Texas,45,45 yrs,480929,240971,239958,153218,78044,75174,63893,30549,33344,207398,105076,102322,40131,19431,20700,16289,7871,8418
Mid,2039,203907,000,State of Texas,46,46 yrs,481556,241161,240395,154921,78974,75947,64520,30678,33842,205193,103815,101378,40698,19805,20893,16224,7889,8335
Mid,2039,203907,000,State of Texas,47,47 yrs,486005,243001,243004,160578,81864,78714,64887,30738,34149,203833,102953,100880,40594,19575,21019,16113,7871,8242
Mid,2039,203907,000,State of Texas,48,48 yrs,478852,238736,240116,161972,82435,79537,63686,30066,33620,196400,98915,97485,40358,19431,20927,16436,7889,8547
Mid,2039,203907,000,State of Texas,49,49 yrs,507283,253671,253612,173025,88130,84895,67253,31772,35481,208145,105400,102745,41843,20193,21650,17017,8176,8841
Mid,2039,203907,000,State of Texas,50,50 yrs,455462,225417,230045,159205,80950,78255,59720,28049,31671,180407,89652,90755,40159,19153,21006,15971,7613,8358
Mid,2039,203907,000,State of Texas,51,51 yrs,457729,226936,230793,160948,81649,79299,58924,27461,31463,182890,91612,91278,39354,18766,20588,15613,7448,8165
Mid,2039,203907,000,State of Texas,52,52 yrs,447460,221173,226287,159265,80573,78692,56598,26695,29903,177954,88304,89650,38095,18314,19781,15548,7287,8261
Mid,2039,203907,000,State of Texas,53,53 yrs,445585,219998,225587,160558,81217,79341,56211,26260,29951,175293,86896,88397,38479,18455,20024,15044,7170,7874
Mid,2039,203907,000,State of Texas,54,54 yrs,466443,231601,234842,167732,85391,82341,58084,27463,30621,185803,92501,93302,39429,19024,20405,15395,7222,8173
Mid,2039,203907,000,State of Texas,55,55 yrs,429327,210889,218438,155191,78484,76707,53439,24854,28585,168202,82676,85526,37784,18004,19780,14711,6871,7840
Mid,2039,203907,000,State of Texas,56,56 yrs,430875,211411,219464,156574,79361,77213,53776,25120,28656,168569,82227,86342,37061,17680,19381,14895,7023,7872
Mid,2039,203907,000,State of Texas,57,57 yrs,426357,208577,217780,154702,78121,76581,52414,24327,28087,168801,82457,86344,36037,17020,19017,14403,6652,7751
Mid,2039,203907,000,State of Texas,58,58 yrs,418207,203813,214394,151975,76789,75186,52542,24187,28355,164326,79653,84673,34713,16387,18326,14651,6797,7854
Mid,2039,203907,000,State of Texas,59,59 yrs,441109,216524,224585,157301,79328,77973,55584,25841,29743,178497,88061,90436,35339,16579,18760,14388,6715,7673
Mid,2039,203907,000,State of Texas,60,60 yrs,382705,185990,196715,138683,69939,68744,48483,22368,26115,149694,72215,77479,32465,15269,17196,13380,6199,7181
Mid,2039,203907,000,State of Texas,61,61 yrs,381678,184325,197353,138089,68979,69110,46536,21452,25084,152845,73229,79616,31158,14737,16421,13050,5928,7122
Mid,2039,203907,000,State of Texas,62,62 yrs,370528,179085,191443,133122,66535,66587,44850,20754,24096,148940,71294,77646,31027,14661,16366,12589,5841,6748
Mid,2039,203907,000,State of Texas,63,63 yrs,361908,174575,187333,129761,65068,64693,43409,19728,23681,145418,69457,75961,31315,14868,16447,12005,5454,6551
Mid,2039,203907,000,State of Texas,64,64 yrs,379931,184596,195335,136950,68390,68560,44476,20727,23749,154294,74572,79722,31947,15277,16670,12264,5630,6634
Mid,2039,203907,000,State of Texas,65,65 yrs,347475,166728,180747,127093,63106,63987,41749,19095,22654,137667,65230,72437,29883,14202,15681,11083,5095,5988
Mid,2039,203907,000,State of Texas,66,66 yrs,348728,166628,182100,129499,64072,65427,42263,19175,23088,135794,64163,71631,29512,13932,15580,11660,5286,6374
Mid,2039,203907,000,State of Texas,67,67 yrs,354141,168608,185533,137842,67964,69878,41955,18964,22991,134196,62947,71249,28582,13394,15188,11566,5339,6227
Mid,2039,203907,000,State of Texas,68,68 yrs,358379,170281,188098,146324,71846,74478,42700,19240,23460,130296,60994,69302,27140,12770,14370,11919,5431,6488
Mid,2039,203907,000,State of Texas,69,69 yrs,362119,172776,189343,147873,72407,75466,41804,18748,23056,134227,63877,70350,26619,12420,14199,11596,5324,6272
Mid,2039,203907,000,State of Texas,70,70 yrs,317518,149908,167610,132015,64155,67860,36363,16186,20177,114930,53862,61068,23843,11034,12809,10367,4671,5696
Mid,2039,203907,000,State of Texas,71,71 yrs,304777,143469,161308,125707,61051,64656,35446,15814,19632,112094,52219,59875,21726,10043,11683,9804,4342,5462
Mid,2039,203907,000,State of Texas,72,72 yrs,294099,137686,156413,123943,59561,64382,34508,15094,19414,106268,49736,56532,19824,9110,10714,9556,4185,5371
Mid,2039,203907,000,State of Texas,73,73 yrs,292683,136744,155939,124464,59516,64948,34531,15038,19493,104731,49062,55669,19496,8986,10510,9461,4142,5319
Mid,2039,203907,000,State of Texas,74,74 yrs,306281,142464,163817,136463,64900,71563,35353,15209,20144,105714,49351,56363,18888,8657,10231,9863,4347,5516
Mid,2039,203907,000,State of Texas,75,75 yrs,291544,134326,157218,135199,63637,71562,32687,13860,18827,95926,44425,51501,17901,8123,9778,9831,4281,5550
Mid,2039,203907,000,State of Texas,76,76 yrs,283473,129618,153855,134773,63108,71665,31536,13288,18248,90803,41539,49264,16650,7467,9183,9711,4216,5495
Mid,2039,203907,000,State of Texas,77,77 yrs,272869,124253,148616,133215,61956,71259,29928,12568,17360,85649,39175,46474,14774,6598,8176,9303,3956,5347
Mid,2039,203907,000,State of Texas,78,78 yrs,263757,118993,144764,130483,60392,70091,29070,12043,17027,81212,36695,44517,14185,6182,8003,8807,3681,5126
Mid,2039,203907,000,State of Texas,79,79 yrs,260813,117330,143483,130593,60073,70520,28051,11547,16504,80079,36221,43858,13728,5864,7864,8362,3625,4737
Mid,2039,203907,000,State of Texas,80,80 yrs,232798,103589,129209,119082,54419,64663,25098,10217,14881,68720,30636,38084,12204,5080,7124,7694,3237,4457
Mid,2039,203907,000,State of Texas,81,81 yrs,223581,98371,125210,115982,52383,63599,23443,9429,14014,65488,28774,36714,11308,4652,6656,7360,3133,4227
Mid,2039,203907,000,State of Texas,82,82 yrs,205740,89004,116736,107208,47549,59659,21378,8415,12963,59841,26030,33811,10497,4228,6269,6816,2782,4034
Mid,2039,203907,000,State of Texas,83,83 yrs,189063,81352,107711,99154,43693,55461,19377,7618,11759,54790,23655,31135,9656,3876,5780,6086,2510,3576
Mid,2039,203907,000,State of Texas,84,84 yrs,179455,76474,102981,95241,41639,53602,18025,6899,11126,51627,22075,29552,8923,3552,5371,5639,2309,3330
Mid,2039,203907,000,State of Texas,85,85 yrs,154572,64372,90200,83660,35679,47981,14958,5603,9355,43526,18180,25346,7609,3003,4606,4819,1907,2912
Mid,2039,203907,000,State of Texas,86,86 yrs,140247,57993,82254,76350,32442,43908,13329,4916,8413,39284,16254,23030,7048,2724,4324,4236,1657,2579
Mid,2039,203907,000,State of Texas,87,87 yrs,122910,50228,72682,67770,28460,39310,11524,4098,7426,34205,14019,20186,5837,2193,3644,3574,1458,2116
Mid,2039,203907,000,State of Texas,88,88 yrs,107023,42897,64126,57890,23861,34029,10245,3537,6708,30494,12340,18154,5339,1968,3371,3055,1191,1864
Mid,2039,203907,000,State of Texas,89,89 yrs,97350,38547,58803,53349,21760,31589,8815,3045,5770,27489,10933,16556,4943,1811,3132,2754,998,1756
Mid,2039,203907,000,State of Texas,90,90 yrs,81047,31684,49363,45574,18274,27300,7169,2450,4719,22225,8704,13521,3808,1407,2401,2271,849,1422
Mid,2039,203907,000,State of Texas,91,91 yrs,72413,28198,44215,42006,16766,25240,5928,2002,3926,19285,7526,11759,3195,1145,2050,1999,759,1240
Mid,2039,203907,000,State of Texas,92,92 yrs,61081,23378,37703,36367,14307,22060,4670,1553,3117,15870,6014,9856,2527,915,1612,1647,589,1058
Mid,2039,203907,000,State of Texas,93,93 yrs,41111,15447,25664,22809,8862,13947,3352,1064,2288,11983,4444,7539,1892,692,1200,1075,385,690
Mid,2039,203907,000,State of Texas,94,94 yrs,35065,12910,22155,20014,7541,12473,2769,857,1912,9828,3615,6213,1550,575,975,904,322,582
Mid,2039,203907,000,State of Texas,95,95+ yrs,104909,36444,68465,62384,22273,40111,8190,2421,5769,27619,9416,18203,4124,1469,2655,2592,865,1727
Mid,2040,204007,000,State of Texas,-1,All Ages,37076260,18329645,18746615,11902253,5907624,5994629,4568156,2180287,2387869,16339004,8178986,8160018,2597116,1242773,1354343,1669731,819975,849756
Mid,2040,204007,000,State of Texas,0,< 1 yr,415158,211730,203428,98767,50371,48396,48265,24615,23650,210069,107135,102934,18833,9605,9228,39224,20004,19220
Mid,2040,204007,000,State of Texas,1,1 yr,419538,213860,205678,99886,50939,48947,48842,24888,23954,213143,108627,104516,19266,9828,9438,38401,19578,18823
Mid,2040,204007,000,State of Texas,2,2 yrs,424439,216315,208124,101224,51625,49599,49533,25226,24307,216251,110175,106076,19761,10083,9678,37670,19206,18464
Mid,2040,204007,000,State of Texas,3,3 yrs,428782,218528,210254,102524,52299,50225,50205,25557,24648,218908,111524,107384,20232,10324,9908,36913,18824,18089
Mid,2040,204007,000,State of Texas,4,4 yrs,432319,220327,211992,103710,52913,50797,50804,25850,24954,221027,112607,108420,20671,10545,10126,36107,18412,17695
Mid,2040,204007,000,State of Texas,5,5 yrs,435311,221841,213470,104807,53473,51334,51358,26124,25234,222816,113521,109295,21061,10737,10324,35269,17986,17283
Mid,2040,204007,000,State of Texas,6,6 yrs,437735,223092,214643,105844,54011,51833,51853,26369,25484,224253,114275,109978,21384,10894,10490,34401,17543,16858
Mid,2040,204007,000,State of Texas,7,7 yrs,439661,224103,215558,106832,54523,52309,52286,26585,25701,225393,114893,110500,21642,11013,10629,33508,17089,16419
Mid,2040,204007,000,State of Texas,8,8 yrs,441140,224885,216255,107761,55000,52761,52688,26784,25904,226237,115362,110875,21856,11113,10743,32598,16626,15972
Mid,2040,204007,000,State of Texas,9,9 yrs,442188,225473,216715,108654,55457,53197,53030,26952,26078,226779,115708,111071,22040,11199,10841,31685,16157,15528
Mid,2040,204007,000,State of Texas,10,10 yrs,443017,225925,217092,109560,55914,53646,53343,27106,26237,227142,115939,111203,22196,11270,10926,30776,15696,15080
Mid,2040,204007,000,State of Texas,11,11 yrs,443377,226138,217239,110453,56370,54083,53602,27231,26371,227114,115968,111146,22343,11341,11002,29865,15228,14637
Mid,2040,204007,000,State of Texas,12,12 yrs,443428,226198,217230,111357,56831,54526,53789,27314,26475,226826,115866,110960,22485,11410,11075,28971,14777,14194
Mid,2040,204007,000,State of Texas,13,13 yrs,443221,226130,217091,112285,57298,54987,53970,27400,26570,226266,115631,110635,22619,11479,11140,28081,14322,13759
Mid,2040,204007,000,State of Texas,14,14 yrs,442777,225935,216842,113195,57752,55443,54091,27453,26638,225527,115309,110218,22762,11549,11213,27202,13872,13330
Mid,2040,204007,000,State of Texas,15,15 yrs,442661,225892,216769,114236,58274,55962,54242,27518,26724,224904,115039,109865,22940,11631,11309,26339,13430,12909
Mid,2040,204007,000,State of Texas,16,16 yrs,442513,225823,216690,115274,58783,56491,54381,27573,26808,224206,114744,109462,23174,11735,11439,25478,12988,12490
Mid,2040,204007,000,State of Texas,17,17 yrs,442843,225993,216850,116371,59317,57054,54580,27648,26932,223738,114584,109154,23525,11888,11637,24629,12556,12073
Mid,2040,204007,000,State of Texas,18,18 yrs,442195,225600,216595,117301,59765,57536,54959,27847,27112,222736,114037,108699,23488,11862,11626,23711,12089,11622
Mid,2040,204007,000,State of Texas,19,19 yrs,442867,225914,216953,118593,60415,58178,55220,27907,27313,222226,113888,108338,24016,12073,11943,22812,11631,11181
Mid,2040,204007,000,State of Texas,20,20 yrs,415450,211754,203696,110554,56440,54114,52274,26162,26112,202361,103671,98690,28466,14377,14089,21795,11104,10691
Mid,2040,204007,000,State of Texas,21,21 yrs,424640,216031,208609,115232,58857,56375,54216,27022,27194,204750,104725,100025,29266,14655,14611,21176,10772,10404
Mid,2040,204007,000,State of Texas,22,22 yrs,441850,224666,217184,119181,60776,58405,56890,28510,28380,212418,108687,103731,31297,15486,15811,22064,11207,10857
Mid,2040,204007,000,State of Texas,23,23 yrs,460971,234810,226161,125766,64167,61599,58420,29267,29153,221066,113230,107836,33321,16607,16714,22398,11539,10859
Mid,2040,204007,000,State of Texas,24,24 yrs,479719,243860,235859,132160,67401,64759,60649,29973,30676,229730,117872,111858,34313,17033,17280,22867,11581,11286
Mid,2040,204007,000,State of Texas,25,25 yrs,491719,250538,241181,134164,68700,65464,62411,30980,31431,235891,121321,114570,35998,17827,18171,23255,11710,11545
Mid,2040,204007,000,State of Texas,26,26 yrs,491491,250156,241335,134977,69046,65931,62394,31064,31330,235592,120948,114644,36133,17746,18387,22395,11352,11043
Mid,2040,204007,000,State of Texas,27,27 yrs,494487,250911,243576,135720,68887,66833,62568,30857,31711,235895,121200,114695,37936,18790,19146,22368,11177,11191
Mid,2040,204007,000,State of Texas,28,28 yrs,498056,252928,245128,135713,68839,66874,63481,31376,32105,239054,123311,115743,37820,18253,19567,21988,11149,10839
Mid,2040,204007,000,State of Texas,29,29 yrs,505685,257210,248475,138345,70748,67597,64780,31983,32797,242610,125225,117385,38154,18199,19955,21796,11055,10741
Mid,2040,204007,000,State of Texas,30,30 yrs,531711,269699,262012,143328,73333,69995,68271,33336,34935,258153,132789,125364,39022,18536,20486,22937,11705,11232
Mid,2040,204007,000,State of Texas,31,31 yrs,534823,271646,263177,144582,73867,70715,69019,33968,35051,259474,133724,125750,39287,18703,20584,22461,11384,11077
Mid,2040,204007,000,State of Texas,32,32 yrs,550537,278892,271645,148606,75725,72881,71082,34838,36244,267336,137572,129764,40644,19236,21408,22869,11521,11348
Mid,2040,204007,000,State of Texas,33,33 yrs,548151,277536,270615,149271,76180,73091,71379,35018,36361,265089,136036,129053,39927,18825,21102,22485,11477,11008
Mid,2040,204007,000,State of Texas,34,34 yrs,540876,274348,266528,148547,76095,72452,69650,33888,35762,260508,134478,126030,40293,18818,21475,21878,11069,10809
Mid,2040,204007,000,State of Texas,35,35 yrs,546073,277329,268744,150566,77084,73482,70085,34237,35848,262586,136016,126570,41129,19151,21978,21707,10841,10866
Mid,2040,204007,000,State of Texas,36,36 yrs,543116,275425,267691,151778,77531,74247,69375,33941,35434,259238,133797,125441,41325,19387,21938,21400,10769,10631
Mid,2040,204007,000,State of Texas,37,37 yrs,536078,271761,264317,150448,77020,73428,68431,33456,34975,255593,131820,123773,41233,19201,22032,20373,10264,10109
Mid,2040,204007,000,State of Texas,38,38 yrs,541236,274279,266957,151990,77814,74176,72944,35253,37691,253040,131007,122033,42935,20106,22829,20327,10099,10228
Mid,2040,204007,000,State of Texas,39,39 yrs,546361,274294,272067,158388,80297,78091,73160,35011,38149,249792,127854,121938,44884,21182,23702,20137,9950,10187
Mid,2040,204007,000,State of Texas,40,40 yrs,541046,273393,267653,161475,82429,79046,72541,34776,37765,244423,125731,118692,43639,20795,22844,18968,9662,9306
Mid,2040,204007,000,State of Texas,41,41 yrs,516731,261023,255708,155693,79420,76273,68364,32954,35410,232616,119460,113156,42235,20289,21946,17823,8900,8923
Mid,2040,204007,000,State of Texas,42,42 yrs,501180,253729,247451,151500,77444,74056,66095,31901,34194,223992,115332,108660,42245,20434,21811,17348,8618,8730
Mid,2040,204007,000,State of Texas,43,43 yrs,491536,248680,242856,151297,77343,73954,64074,30791,33283,217837,112271,105566,41862,20109,21753,16466,8166,8300
Mid,2040,204007,000,State of Texas,44,44 yrs,488704,246185,242519,152157,77447,74710,63414,30472,32942,214528,109773,104755,41577,20128,21449,17028,8365,8663
Mid,2040,204007,000,State of Texas,45,45 yrs,501141,253069,248072,157835,80748,77087,65990,31535,34455,219433,112490,106943,41280,20051,21229,16603,8245,8358
Mid,2040,204007,000,State of Texas,46,46 yrs,482540,241751,240789,153375,78144,75231,64146,30667,33479,208025,105326,102699,40691,19739,20952,16303,7875,8428
Mid,2040,204007,000,State of Texas,47,47 yrs,482923,241799,241124,155031,79041,75990,64748,30786,33962,205693,103996,101697,41218,20087,21131,16233,7889,8344
Mid,2040,204007,000,State of Texas,48,48 yrs,487068,243439,243629,160630,81893,78737,65082,30822,34260,204176,103029,101147,41062,19826,21236,16118,7869,8249
Mid,2040,204007,000,State of Texas,49,49 yrs,479669,239040,240629,161963,82429,79534,63844,30129,33715,196655,98951,97704,40770,19647,21123,16437,7884,8553
Mid,2040,204007,000,State of Texas,50,50 yrs,507797,253813,253984,172948,88078,84870,67355,31801,35554,208286,105392,102894,42197,20374,21823,17011,8168,8843
Mid,2040,204007,000,State of Texas,51,51 yrs,455883,225519,230364,159099,80880,78219,59801,28064,31737,180524,89643,90881,40494,19327,21167,15965,7605,8360
Mid,2040,204007,000,State of Texas,52,52 yrs,457969,226930,231039,160794,81542,79252,58971,27456,31515,182930,91570,91360,39672,18925,20747,15602,7437,8165
Mid,2040,204007,000,State of Texas,53,53 yrs,447568,221081,226487,159065,80438,78627,56623,26673,29950,177940,88236,89704,38408,18461,19947,15532,7273,8259
Mid,2040,204007,000,State of Texas,54,54 yrs,445557,219808,225749,160300,81045,79255,56214,26222,29992,175232,86800,88432,38788,18589,20199,15023,7152,7871
Mid,2040,204007,000,State of Texas,55,55 yrs,466176,231245,234931,167376,85159,82217,58053,27404,30649,185651,92335,93316,39728,19145,20583,15368,7202,8166
Mid,2040,204007,000,State of Texas,56,56 yrs,429028,210511,218517,154812,78238,76574,53398,24789,28609,168050,82506,85544,38090,18131,19959,14678,6847,7831
Mid,2040,204007,000,State of Texas,57,57 yrs,430381,210915,219466,156116,79067,77049,53698,25036,28662,168360,82017,86343,37354,17802,19552,14853,6993,7860
Mid,2040,204007,000,State of Texas,58,58 yrs,425652,207968,217684,154170,77784,76386,52307,24227,28080,168504,82197,86307,36314,17140,19174,14357,6620,7737
Mid,2040,204007,000,State of Texas,59,59 yrs,417283,203083,214200,151371,76408,74963,52393,24066,28327,163950,79349,84601,34976,16502,18474,14593,6758,7835
Mid,2040,204007,000,State of Texas,60,60 yrs,439772,215547,224225,156574,78870,77704,55369,25679,29690,177923,87639,90284,35583,16688,18895,14323,6671,7652
Mid,2040,204007,000,State of Texas,61,61 yrs,381475,185087,196388,137985,69495,68490,48280,22215,26065,149184,71842,77342,32714,15381,17333,13312,6154,7158
Mid,2040,204007,000,State of Texas,62,62 yrs,380186,183266,196920,137304,68482,68822,46297,21276,25021,152223,72791,79432,31388,14837,16551,12974,5880,7094
Mid,2040,204007,000,State of Texas,63,63 yrs,368804,177883,190921,132262,65992,66270,44576,20556,24020,148241,70809,77432,31218,14738,16480,12507,5788,6719
Mid,2040,204007,000,State of Texas,64,64 yrs,359892,173204,186688,128813,64469,64344,43088,19508,23580,144622,68917,75705,31450,14910,16540,11919,5400,6519
Mid,2040,204007,000,State of Texas,65,65 yrs,377370,182889,194481,135817,67683,68134,44080,20455,23625,153290,73901,79389,32019,15282,16737,12164,5568,6596
Mid,2040,204007,000,State of Texas,66,66 yrs,344192,164631,179561,125721,62247,63474,41204,18756,22448,136511,64506,72005,29744,14076,15668,11012,5046,5966
Mid,2040,204007,000,State of Texas,67,67 yrs,344990,164284,180706,127949,63112,64837,41650,18799,22851,134516,63370,71146,29304,13775,15529,11571,5228,6343
Mid,2040,204007,000,State of Texas,68,68 yrs,349934,166019,183915,136048,66864,69184,41292,18562,22730,132803,62094,70709,28328,13226,15102,11463,5273,6190
Mid,2040,204007,000,State of Texas,69,69 yrs,353724,167446,186278,144265,70595,73670,41966,18802,23164,128831,60099,68732,26864,12594,14270,11798,5356,6442
Mid,2040,204007,000,State of Texas,70,70 yrs,356977,169656,187321,145619,71047,74572,41027,18290,22737,132550,62845,69705,26318,12232,14086,11463,5242,6221
Mid,2040,204007,000,State of Texas,71,71 yrs,312649,146988,165661,129836,62853,66983,35637,15762,19875,113389,52927,60462,23548,10852,12696,10239,4594,5645
Mid,2040,204007,000,State of Texas,72,72 yrs,299672,140441,159231,123442,59711,63731,34679,15370,19309,110452,51235,59217,21429,9862,11567,9670,4263,5407
Mid,2040,204007,000,State of Texas,73,73 yrs,288671,134515,154156,121494,58134,63360,33702,14639,19063,104548,48713,55835,19520,8929,10591,9407,4100,5307
Mid,2040,204007,000,State of Texas,74,74 yrs,286665,133271,153394,121735,57946,63789,33645,14546,19099,102840,47947,54893,19154,8785,10369,9291,4047,5244
Mid,2040,204007,000,State of Texas,75,75 yrs,299371,138533,160838,133188,63038,70150,34374,14675,19699,103626,48139,55487,18519,8444,10075,9664,4237,5427
Mid,2040,204007,000,State of Texas,76,76 yrs,284355,130299,154056,131651,61651,70000,31712,13337,18375,93867,43246,50621,17515,7904,9611,9610,4161,5449
Mid,2040,204007,000,State of Texas,77,77 yrs,275710,125324,150386,130843,60926,69917,30505,12742,17763,88650,40329,48321,16247,7243,9004,9465,4084,5381
Mid,2040,204007,000,State of Texas,78,78 yrs,264558,119717,144841,128905,59594,69311,28853,12005,16848,83392,37922,45470,14371,6378,7993,9037,3818,5219
Mid,2040,204007,000,State of Texas,79,79 yrs,254810,114203,140607,125779,57848,67931,27924,11457,16467,78839,35410,43429,13745,5950,7795,8523,3538,4985
Mid,2040,204007,000,State of Texas,80,80 yrs,251008,112145,138863,125370,57286,68084,26842,10938,15904,77484,34832,42652,13251,5620,7631,8061,3469,4592
Mid,2040,204007,000,State of Texas,81,81 yrs,223008,98500,124508,113751,51608,62143,23903,9626,14277,66245,29341,36904,11727,4844,6883,7382,3081,4301
Mid,2040,204007,000,State of Texas,82,82 yrs,213053,92990,120063,110162,49361,60801,22212,8833,13379,62851,27424,35427,10806,4408,6398,7022,2964,4058
Mid,2040,204007,000,State of Texas,83,83 yrs,194920,83568,111352,101195,44476,56719,20147,7833,12314,57141,24667,32474,9971,3978,5993,6466,2614,3852
Mid,2040,204007,000,State of Texas,84,84 yrs,177986,75838,102148,92969,40559,52410,18149,7043,11106,52020,22276,29744,9112,3619,5493,5736,2341,3395
Mid,2040,204007,000,State of Texas,85,85 yrs,167724,70711,97013,88636,38329,50307,16770,6329,10441,48682,20628,28054,8359,3289,5070,5277,2136,3141
Mid,2040,204007,000,State of Texas,86,86 yrs,143365,59006,84359,77263,32557,44706,13814,5097,8717,40738,16846,23892,7074,2757,4317,4476,1749,2727
Mid,2040,204007,000,State of Texas,87,87 yrs,129019,52685,76334,69932,29339,40593,12212,4434,7778,36473,14927,21546,6498,2478,4020,3904,1507,2397
Mid,2040,204007,000,State of Texas,88,88 yrs,112035,45180,66855,61497,25480,36017,10469,3662,6807,31470,12749,18721,5336,1976,3360,3263,1313,1950
Mid,2040,204007,000,State of Texas,89,89 yrs,96591,38179,58412,52004,21135,30869,9219,3129,6090,27777,11101,16676,4830,1754,3076,2761,1060,1701
Mid,2040,204007,000,State of Texas,90,90 yrs,86900,33911,52989,47399,19051,28348,7848,2664,5184,24765,9721,15044,4423,1596,2827,2465,879,1586
Mid,2040,204007,000,State of Texas,91,91 yrs,71488,27528,43960,40017,15804,24213,6312,2119,4193,19783,7641,12142,3368,1225,2143,2008,739,1269
Mid,2040,204007,000,State of Texas,92,92 yrs,63028,24164,38864,36402,14305,22097,5156,1710,3446,16936,6515,10421,2790,983,1807,1744,651,1093
Mid,2040,204007,000,State of Texas,93,93 yrs,52426,19749,32677,31081,12035,19046,4011,1310,2701,13739,5130,8609,2177,775,1402,1418,499,919
Mid,2040,204007,000,State of Texas,94,94 yrs,34768,12854,21914,19201,7342,11859,2839,885,1954,10210,3729,6481,1605,577,1028,913,321,592
Mid,2040,204007,000,State of Texas,95,95+ yrs,111132,38678,72454,65187,23286,41901,8762,2586,6176,29851,10259,19592,4534,1610,2924,2798,937,1861
Mid,2041,204107,000,State of Texas,-1,All Ages,37400540,18492859,18907681,11877525,5896294,5981231,4616129,2202982,2413147,16556157,8290057,8266100,2647355,1266400,1380955,1703374,837126,866248
Mid,2041,204107,000,State of Texas,0,< 1 yr,413551,210912,202639,97779,49867,47912,48056,24509,23547,208705,106440,102265,19056,9719,9337,39955,20377,19578
Mid,2041,204107,000,State of Texas,1,1 yr,418158,213147,205011,98927,50448,48479,48657,24792,23865,211915,107995,103920,19503,9948,9555,39156,19964,19192
Mid,2041,204107,000,State of Texas,2,2 yrs,423340,215767,207573,100302,51160,49142,49379,25149,24230,215197,109644,105553,20008,10210,9798,38454,19604,18850
Mid,2041,204107,000,State of Texas,3,3 yrs,428116,218186,209930,101657,51857,49800,50093,25499,24594,218126,111126,107000,20503,10461,10042,37737,19243,18494
Mid,2041,204107,000,State of Texas,4,4 yrs,432274,220301,211973,102934,52516,50418,50754,25823,24931,220656,112417,108239,20950,10686,10264,36980,18859,18121
Mid,2041,204107,000,State of Texas,5,5 yrs,435747,222069,213678,104103,53118,50985,51337,26112,25225,222775,113503,109272,21359,10889,10470,36173,18447,17726
Mid,2041,204107,000,State of Texas,6,6 yrs,438696,223578,215118,105196,53679,51517,51882,26382,25500,224572,114438,110134,21708,11057,10651,35338,18022,17316
Mid,2041,204107,000,State of Texas,7,7 yrs,441088,224828,216260,106218,54210,52008,52365,26623,25742,226044,115225,110819,21992,11192,10800,34469,17578,16891
Mid,2041,204107,000,State of Texas,8,8 yrs,442982,225834,217148,107194,54713,52481,52786,26833,25953,227205,115866,111339,22223,11299,10924,33574,17123,16451
Mid,2041,204107,000,State of Texas,9,9 yrs,444453,226615,217838,108114,55182,52932,53183,27028,26155,228071,116355,111716,22420,11391,11029,32665,16659,16006
Mid,2041,204107,000,State of Texas,10,10 yrs,445501,227190,218311,108992,55629,53363,53516,27191,26325,228654,116711,111943,22586,11467,11119,31753,16192,15561
Mid,2041,204107,000,State of Texas,11,11 yrs,446284,227622,218662,109897,56083,53814,53827,27343,26484,228988,116930,112058,22731,11537,11194,30841,15729,15112
Mid,2041,204107,000,State of Texas,12,12 yrs,446598,227805,218793,110791,56539,54252,54075,27458,26617,228937,116944,111993,22864,11602,11262,29931,15262,14669
Mid,2041,204107,000,State of Texas,13,13 yrs,446615,227857,218758,111697,57000,54697,54266,27546,26720,228633,116840,111793,22982,11661,11321,29037,14810,14227
Mid,2041,204107,000,State of Texas,14,14 yrs,446432,227798,218634,112639,57472,55167,54450,27632,26818,228085,116614,111471,23111,11726,11385,28147,14354,13793
Mid,2041,204107,000,State of Texas,15,15 yrs,446083,227635,218448,113579,57935,55644,54585,27690,26895,227371,116303,111068,23282,11804,11478,27266,13903,13363
Mid,2041,204107,000,State of Texas,16,16 yrs,446226,227715,218511,114688,58485,56203,54786,27774,27012,226826,116086,110740,23520,11908,11612,26406,13462,12944
Mid,2041,204107,000,State of Texas,17,17 yrs,446444,227820,218624,115794,59024,56770,54983,27849,27134,226252,115864,110388,23871,12063,11808,25544,13020,12524
Mid,2041,204107,000,State of Texas,18,18 yrs,447213,228217,218996,116965,59589,57376,55253,27957,27296,225915,115798,110117,24376,12281,12095,24704,12592,12112
Mid,2041,204107,000,State of Texas,19,19 yrs,447019,228016,219003,118239,60231,58008,55942,28273,27669,224711,115152,109559,24372,12250,12122,23755,12110,11645
Mid,2041,204107,000,State of Texas,20,20 yrs,447909,228429,219480,119547,60880,58667,56223,28342,27881,224268,115033,109235,25018,12523,12495,22853,11651,11202
Mid,2041,204107,000,State of Texas,21,21 yrs,420701,214370,206331,111583,56944,54639,53272,26592,26680,204476,104843,99633,29535,14868,14667,21835,11123,10712
Mid,2041,204107,000,State of Texas,22,22 yrs,430020,218703,211317,116267,59372,56895,55227,27462,27765,206924,105904,101020,30387,15175,15212,21215,10790,10425
Mid,2041,204107,000,State of Texas,23,23 yrs,447349,227365,219984,120202,61287,58915,57910,28947,28963,214624,109856,104768,32509,16048,16461,22104,11227,10877
Mid,2041,204107,000,State of Texas,24,24 yrs,466706,237596,229110,126813,64692,62121,59459,29707,29752,223386,114452,108934,34597,17180,17417,22451,11565,10886
Mid,2041,204107,000,State of Texas,25,25 yrs,485731,246744,238987,133252,67939,65313,61716,30416,31300,232223,119194,113029,35620,17590,18030,22920,11605,11315
Mid,2041,204107,000,State of Texas,26,26 yrs,497982,253546,244436,135276,69250,66026,63513,31427,32086,238557,122767,115790,37330,18370,18960,23306,11732,11574
Mid,2041,204107,000,State of Texas,27,27 yrs,497873,253210,244663,136108,69605,66503,63503,31513,31990,238346,122454,115892,37464,18259,19205,22452,11379,11073
Mid,2041,204107,000,State of Texas,28,28 yrs,500879,253961,246918,136853,69445,67408,63673,31306,32367,238661,122714,115947,39267,19292,19975,22425,11204,11221
Mid,2041,204107,000,State of Texas,29,29 yrs,504354,255949,248405,136832,69395,67437,64588,31826,32762,241806,124815,116991,39088,18739,20349,22040,11174,10866
Mid,2041,204107,000,State of Texas,30,30 yrs,511857,260217,251640,139462,71310,68152,65867,32436,33431,245319,126717,118602,39361,18674,20687,21848,11080,10768
Mid,2041,204107,000,State of Texas,31,31 yrs,537731,272675,265056,144441,73895,70546,69344,33783,35561,260786,134258,126528,40169,19009,21160,22991,11730,11261
Mid,2041,204107,000,State of Texas,32,32 yrs,540580,274487,266093,145689,74424,71265,70078,34418,35660,261920,135079,126841,40382,19158,21224,22511,11408,11103
Mid,2041,204107,000,State of Texas,33,33 yrs,556047,281590,274457,149711,76285,73426,72137,35289,36848,269585,138798,130787,41698,19675,22023,22916,11543,11373
Mid,2041,204107,000,State of Texas,34,34 yrs,553397,280084,273313,150361,76732,73629,72400,35453,36947,267177,137161,130016,40929,19242,21687,22530,11496,11034
Mid,2041,204107,000,State of Texas,35,35 yrs,545847,276732,269115,149606,76627,72979,70641,34301,36340,262446,135511,126935,41234,19203,22031,21920,11090,10830
Mid,2041,204107,000,State of Texas,36,36 yrs,550000,279429,270571,151033,77353,73680,70603,34489,36114,264467,137053,127414,42151,19676,22475,21746,10858,10888
Mid,2041,204107,000,State of Texas,37,37 yrs,546665,277281,269384,152215,77777,74438,69850,34167,35683,260877,134673,126204,42285,19878,22407,21438,10786,10652
Mid,2041,204107,000,State of Texas,38,38 yrs,539258,273399,265859,150843,77247,73596,68866,33659,35207,257032,132567,124465,42110,19648,22462,20407,10278,10129
Mid,2041,204107,000,State of Texas,39,39 yrs,544112,275707,268405,152360,78022,74338,73355,35445,37910,254311,131629,122682,43728,20500,23228,20358,10111,10247
Mid,2041,204107,000,State of Texas,40,40 yrs,549002,275573,273429,158726,80490,78236,73554,35192,38362,250935,128385,122550,45622,21546,24076,20165,9960,10205
Mid,2041,204107,000,State of Texas,41,41 yrs,543466,274537,268929,161787,82609,79178,72908,34944,37964,245449,126183,119266,44327,21130,23197,18995,9671,9324
Mid,2041,204107,000,State of Texas,42,42 yrs,518916,262036,256880,155969,79582,76387,68701,33110,35591,233514,119830,113684,42885,20606,22279,17847,8908,8939
Mid,2041,204107,000,State of Texas,43,43 yrs,503219,254671,248548,151750,77593,74157,66411,32048,34363,224821,115657,109164,42867,20747,22120,17370,8626,8744
Mid,2041,204107,000,State of Texas,44,44 yrs,493450,249586,243864,151518,77479,74039,64374,30933,33441,218605,112574,106031,42467,20428,22039,16486,8172,8314
Mid,2041,204107,000,State of Texas,45,45 yrs,490506,247057,243449,152348,77568,74780,63683,30602,33081,215262,110073,105189,42168,20445,21723,17045,8369,8676
Mid,2041,204107,000,State of Texas,46,46 yrs,502754,253844,248910,157980,80839,77141,66235,31649,34586,220081,112748,107333,41840,20359,21481,16618,8249,8369
Mid,2041,204107,000,State of Texas,47,47 yrs,483941,242410,241531,153492,78218,75274,64380,30777,33603,208540,105515,103025,41215,20024,21191,16314,7876,8438
Mid,2041,204107,000,State of Texas,48,48 yrs,484035,242276,241759,155097,79081,76016,64948,30874,34074,206064,104094,101970,41687,20339,21348,16239,7888,8351
Mid,2041,204107,000,State of Texas,49,49 yrs,487905,243747,244158,160636,81894,78742,65241,30886,34355,204431,103060,101371,41477,20042,21435,16120,7865,8255
Mid,2041,204107,000,State of Texas,50,50 yrs,480291,239238,241053,161912,82393,79519,63971,30174,33797,196845,98964,97881,41129,19830,21299,16434,7877,8557
Mid,2041,204107,000,State of Texas,51,51 yrs,508153,253869,254284,172824,87995,84829,67427,31810,35617,208364,105357,103007,42536,20549,21987,17002,8158,8844
Mid,2041,204107,000,State of Texas,52,52 yrs,456189,225551,230638,158960,80785,78175,59868,28068,31800,180583,89610,90973,40823,19494,21329,15955,7594,8361
Mid,2041,204107,000,State of Texas,53,53 yrs,458092,226845,231247,160591,81404,79187,59003,27440,31563,182922,91503,91419,39989,19075,20914,15587,7423,8164
Mid,2041,204107,000,State of Texas,54,54 yrs,447579,220906,226673,158819,80276,78543,56636,26641,29995,177888,88134,89754,38724,18599,20125,15512,7256,8256
Mid,2041,204107,000,State of Texas,55,55 yrs,445434,219543,225891,159992,80843,79149,56208,26181,30027,175137,86670,88467,39099,18717,20382,14998,7132,7866
Mid,2041,204107,000,State of Texas,56,56 yrs,465769,230796,234973,166954,84887,82067,57998,27328,30670,185450,92132,93318,40034,19272,20762,15333,7177,8156
Mid,2041,204107,000,State of Texas,57,57 yrs,428585,210042,218543,154375,77955,76420,53330,24711,28619,167852,82300,85552,38388,18256,20132,14640,6820,7820
Mid,2041,204107,000,State of Texas,58,58 yrs,429708,210311,219397,155592,78731,76861,53596,24938,28658,168081,81761,86320,37634,17922,19712,14805,6959,7846
Mid,2041,204107,000,State of Texas,59,59 yrs,424751,207249,217502,153572,77406,76166,52173,24113,28060,168121,81888,86233,36581,17258,19323,14304,6584,7720
Mid,2041,204107,000,State of Texas,60,60 yrs,416165,202244,213921,150701,75984,74717,52217,23930,28287,163485,78997,84488,35233,16618,18615,14529,6715,7814
Mid,2041,204107,000,State of Texas,61,61 yrs,438219,214434,223785,155768,78357,77411,55115,25495,29620,177262,87163,90099,35823,16796,19027,14251,6623,7628
Mid,2041,204107,000,State of Texas,62,62 yrs,380038,184056,195982,137217,69002,68215,48043,22041,26002,148597,71426,77171,32944,15482,17462,13237,6105,7132
Mid,2041,204107,000,State of Texas,63,63 yrs,378441,182057,196384,136433,67933,68500,46020,21077,24943,151513,72302,79211,31584,14917,16667,12891,5828,7063
Mid,2041,204107,000,State of Texas,64,64 yrs,366802,176517,190285,131319,65400,65919,44256,20333,23923,147446,70266,77180,31364,14787,16577,12417,5731,6686
Mid,2041,204107,000,State of Texas,65,65 yrs,357579,171663,185916,127769,63815,63954,42723,19263,23460,143730,68321,75409,31532,14922,16610,11825,5342,6483
Mid,2041,204107,000,State of Texas,66,66 yrs,373813,180607,193206,134364,66773,67591,43509,20096,23413,151993,73077,78916,31862,15145,16717,12085,5516,6569
Mid,2041,204107,000,State of Texas,67,67 yrs,340565,162352,178213,124237,61328,62909,40615,18394,22221,135241,63716,71525,29539,13921,15618,10933,4993,5940
Mid,2041,204107,000,State of Texas,68,68 yrs,340948,161789,179159,126300,62099,64201,41002,18406,22596,133133,62518,70615,29043,13602,15441,11470,5164,6306
Mid,2041,204107,000,State of Texas,69,69 yrs,345446,163285,182161,134148,65706,68442,40594,18145,22449,131313,61188,70125,28041,13045,14996,11350,5201,6149
Mid,2041,204107,000,State of Texas,70,70 yrs,348774,164455,184319,142084,69278,72806,41198,18349,22849,127263,59148,68115,26563,12405,14158,11666,5275,6391
Mid,2041,204107,000,State of Texas,71,71 yrs,351520,166375,185145,143229,69617,73612,40214,17816,22398,130768,61757,69011,25989,12030,13959,11320,5155,6165
Mid,2041,204107,000,State of Texas,72,72 yrs,307455,143908,163547,127517,61479,66038,34877,15325,19552,111735,51936,59799,23226,10657,12569,10100,4511,5589
Mid,2041,204107,000,State of Texas,73,73 yrs,294192,137233,156959,121017,58291,62726,33874,14911,18963,108677,50186,58491,21102,9667,11435,9522,4178,5344
Mid,2041,204107,000,State of Texas,74,74 yrs,282807,131134,151673,118854,56613,62241,32848,14164,18684,102682,47618,55064,19183,8732,10451,9240,4007,5233
Mid,2041,204107,000,State of Texas,75,75 yrs,280268,129630,150638,118834,56297,62537,32721,14040,18681,100823,46776,54047,18781,8570,10211,9109,3947,5162
Mid,2041,204107,000,State of Texas,76,76 yrs,292041,134410,157631,129714,61082,68632,33353,14125,19228,101407,46867,54540,18119,8217,9902,9448,4119,5329
Mid,2041,204107,000,State of Texas,77,77 yrs,276643,126023,150620,127846,59538,68308,30687,12794,17893,91649,41991,49658,17091,7667,9424,9370,4033,5337
Mid,2041,204107,000,State of Texas,78,78 yrs,267374,120778,146596,126628,58615,68013,29420,12176,17244,86324,39043,47281,15805,7002,8803,9197,3942,5255
Mid,2041,204107,000,State of Texas,79,79 yrs,255662,114942,140720,124291,57102,67189,27726,11426,16300,80967,36602,44365,13929,6141,7788,8749,3671,5078
Mid,2041,204107,000,State of Texas,80,80 yrs,245291,109180,136111,120776,55177,65599,26730,10857,15873,76299,34057,42242,13268,5703,7565,8218,3386,4832
Mid,2041,204107,000,State of Texas,81,81 yrs,240520,106674,133846,119791,54343,65448,25570,10310,15260,74692,33360,41332,12732,5358,7374,7735,3303,4432
Mid,2041,204107,000,State of Texas,82,82 yrs,212572,93147,119425,108073,48646,59427,22658,9023,13635,63588,27972,35616,11207,4590,6617,7046,2916,4130
Mid,2041,204107,000,State of Texas,83,83 yrs,201900,87343,114557,104012,46190,57822,20938,8226,12712,60022,25993,34029,10267,4149,6118,6661,2785,3876
Mid,2041,204107,000,State of Texas,84,84 yrs,183568,77935,105633,94920,41304,53616,18881,7246,11635,54261,23232,31029,9411,3715,5696,6095,2438,3657
Mid,2041,204107,000,State of Texas,85,85 yrs,166422,70156,96266,86561,37351,49210,16890,6465,10425,49063,20822,28241,8539,3352,5187,5369,2166,3203
Mid,2041,204107,000,State of Texas,86,86 yrs,155612,64845,90767,81881,34989,46892,15492,5761,9731,45565,19116,26449,7773,3020,4753,4901,1959,2942
Mid,2041,204107,000,State of Texas,87,87 yrs,131958,53637,78321,70807,29459,41348,12664,4600,8064,37835,15477,22358,6526,2510,4016,4126,1591,2535
Mid,2041,204107,000,State of Texas,88,88 yrs,117656,47410,70246,63489,26281,37208,11097,3963,7134,33566,13577,19989,5938,2232,3706,3566,1357,2209
Mid,2041,204107,000,State of Texas,89,89 yrs,101154,40227,60927,55272,22581,32691,9425,3241,6184,28675,11473,17202,4831,1762,3069,2951,1170,1781
Mid,2041,204107,000,State of Texas,90,90 yrs,86279,33611,52668,46235,18517,27718,8216,2740,5476,25034,9874,15160,4324,1546,2778,2470,934,1536
Mid,2041,204107,000,State of Texas,91,91 yrs,76701,29481,47220,41641,16485,25156,6914,2305,4609,22052,8537,13515,3913,1389,2524,2181,765,1416
Mid,2041,204107,000,State of Texas,92,92 yrs,62283,23612,38671,34707,13494,21213,5494,1811,3683,17384,6618,10766,2943,1053,1890,1755,636,1119
Mid,2041,204107,000,State of Texas,93,93 yrs,54133,20427,33706,31131,12041,19090,4429,1442,2987,14667,5559,9108,2404,833,1571,1502,552,950
Mid,2041,204107,000,State of Texas,94,94 yrs,44347,16436,27911,26186,9977,16209,3398,1090,2308,11712,4306,7406,1848,647,1201,1203,416,787
Mid,2041,204107,000,State of Texas,95,95+ yrs,115829,40373,75456,66720,23904,42816,9276,2736,6540,31960,11019,20941,4907,1722,3185,2966,992,1974
Mid,2042,204207,000,State of Texas,-1,All Ages,37718600,18653169,19065431,11850736,5884061,5966675,4663503,2225414,2438089,16769330,8399156,8370174,2697511,1289979,1407532,1737520,854559,882961
Mid,2042,204207,000,State of Texas,0,< 1 yr,411906,210073,201833,96788,49362,47426,47853,24405,23448,207315,105731,101584,19276,9831,9445,40674,20744,19930
Mid,2042,204207,000,State of Texas,1,1 yr,416573,212341,204232,97943,49946,47997,48457,24691,23766,210560,107305,103255,19729,10063,9666,39884,20336,19548
Mid,2042,204207,000,State of Texas,2,2 yrs,421974,215060,206914,99343,50669,48674,49201,25055,24146,213972,109013,104959,20250,10333,9917,39208,19990,19218
Mid,2042,204207,000,State of Texas,3,3 yrs,427030,217643,209387,100734,51391,49343,49943,25423,24520,217075,110596,106479,20755,10591,10164,38523,19642,18881
Mid,2042,204207,000,State of Texas,4,4 yrs,431620,219964,211656,102067,52074,49993,50646,25766,24880,219877,112020,107857,21226,10826,10400,37804,19278,18526
Mid,2042,204207,000,State of Texas,5,5 yrs,435712,222046,213666,103327,52721,50606,51291,26086,25205,222407,113314,109093,21641,11031,10610,37046,18894,18152
Mid,2042,204207,000,State of Texas,6,6 yrs,439142,223810,215332,104491,53323,51168,51865,26372,25493,224535,114422,110113,22009,11210,10799,36242,18483,17759
Mid,2042,204207,000,State of Texas,7,7 yrs,442059,225318,216741,105569,53877,51692,52397,26637,25760,226365,115389,110976,22321,11358,10963,35407,18057,17350
Mid,2042,204207,000,State of Texas,8,8 yrs,444421,226563,217858,106580,54400,52180,52868,26872,25996,227858,116198,111660,22578,11480,11098,34537,17613,16924
Mid,2042,204207,000,State of Texas,9,9 yrs,446305,227568,218737,107547,54894,52653,53283,27077,26206,229043,116861,112182,22790,11579,11211,33642,17157,16485
Mid,2042,204207,000,State of Texas,10,10 yrs,447774,228336,219438,108451,55353,53098,53672,27268,26404,229948,117359,112589,22969,11661,11308,32734,16695,16039
Mid,2042,204207,000,State of Texas,11,11 yrs,448778,228891,219887,109328,55797,53531,54001,27428,26573,230505,117705,112800,23125,11735,11390,31819,16226,15593
Mid,2042,204207,000,State of Texas,12,12 yrs,449512,229294,220218,110234,56252,53982,54302,27571,26731,230814,117908,112906,23254,11799,11455,30908,15764,15144
Mid,2042,204207,000,State of Texas,13,13 yrs,449795,229471,220324,111131,56709,54422,54555,27691,26864,230747,117920,112827,23366,11856,11510,29996,15295,14701
Mid,2042,204207,000,State of Texas,14,14 yrs,449838,229533,220305,112051,57175,54876,54748,27779,26969,230457,117826,112631,23478,11910,11568,29104,14843,14261
Mid,2042,204207,000,State of Texas,15,15 yrs,449748,229503,220245,113023,57655,55368,54947,27870,27077,229933,117610,112323,23634,11983,11651,28211,14385,13826
Mid,2042,204207,000,State of Texas,16,16 yrs,449663,229466,220197,114031,58146,55885,55133,27947,27186,229297,117353,111944,23868,12084,11784,27334,13936,13398
Mid,2042,204207,000,State of Texas,17,17 yrs,450181,229719,220462,115213,58725,56488,55395,28052,27343,228877,117208,111669,24223,12238,11985,26473,13496,12977
Mid,2042,204207,000,State of Texas,18,18 yrs,450834,230051,220783,116390,59296,57094,55667,28162,27505,228432,117080,111352,24726,12457,12269,25619,13056,12563
Mid,2042,204207,000,State of Texas,19,19 yrs,452041,230641,221400,117914,60061,57853,56198,28366,27832,227901,116924,110977,25278,12676,12602,24750,12614,12136
Mid,2042,204207,000,State of Texas,20,20 yrs,452117,230556,221561,119212,60705,58507,56971,28720,28251,226756,116298,110458,25381,12703,12678,23797,12130,11667
Mid,2042,204207,000,State of Texas,21,21 yrs,453129,231028,222101,120541,61369,59172,57238,28778,28460,226369,116195,110174,26088,13016,13072,22893,11670,11223
Mid,2042,204207,000,State of Texas,22,22 yrs,426070,217036,209034,112610,57455,55155,54289,27036,27253,206641,106017,100624,30656,15387,15269,21874,11141,10733
Mid,2042,204207,000,State of Texas,23,23 yrs,435509,221404,214105,117276,59877,57399,56243,27898,28345,209137,107083,102054,31597,15736,15861,21256,10810,10446
Mid,2042,204207,000,State of Texas,24,24 yrs,453076,230149,222927,121238,61807,59431,58963,29395,29568,216937,111075,105862,33782,16620,17162,22156,11252,10904
Mid,2042,204207,000,State of Texas,25,25 yrs,472718,240485,232233,127890,65227,62663,60534,30155,30379,225873,115771,110102,35917,17743,18174,22504,11589,10915
Mid,2042,204207,000,State of Texas,26,26 yrs,492013,249765,242248,134361,68488,65873,62824,30864,31960,234899,120651,114248,36956,18134,18822,22973,11628,11345
Mid,2042,204207,000,State of Texas,27,27 yrs,504395,256609,247786,136408,69808,66600,64640,31884,32756,241312,124272,117040,38672,18886,19786,23363,11759,11604
Mid,2042,204207,000,State of Texas,28,28 yrs,504292,256270,248022,137250,70168,67082,64621,31967,32654,241111,123967,117144,38800,18762,20038,22510,11406,11104
Mid,2042,204207,000,State of Texas,29,29 yrs,507218,256994,250224,137978,69999,67979,64796,31763,33033,241416,124220,117196,40550,19782,20768,22478,11230,11248
Mid,2042,204207,000,State of Texas,30,30 yrs,510542,258961,251581,137947,69955,67992,65683,32281,33402,244512,126306,118206,40306,19218,21088,22094,11201,10893
Mid,2042,204207,000,State of Texas,31,31 yrs,517882,263197,254685,140564,71867,68697,66942,32884,34058,247957,128190,119767,40514,19149,21365,21905,11107,10798
Mid,2042,204207,000,State of Texas,32,32 yrs,543489,275523,267966,145529,74443,71086,70400,34232,36168,263247,135627,127620,41270,19466,21804,23043,11755,11288
Mid,2042,204207,000,State of Texas,33,33 yrs,546056,277171,268885,146767,74971,71796,71120,34863,36257,264173,136309,127864,41437,19597,21840,22559,11431,11128
Mid,2042,204207,000,State of Texas,34,34 yrs,561328,284150,277178,150798,76835,73963,73176,35729,37447,271682,139928,131754,42710,20095,22615,22962,11563,11399
Mid,2042,204207,000,State of Texas,35,35 yrs,558428,282497,275931,151425,77266,74159,73422,35882,37540,269131,138202,130929,41876,19629,22247,22574,11518,11056
Mid,2042,204207,000,State of Texas,36,36 yrs,549812,278851,270961,150073,76896,73177,71174,34560,36614,264347,136558,127789,42260,19731,22529,21958,11106,10852
Mid,2042,204207,000,State of Texas,37,37 yrs,553566,281291,272275,151465,77596,73869,71086,34718,36368,266120,137936,128184,43111,20166,22945,21784,10875,10909
Mid,2042,204207,000,State of Texas,38,38 yrs,549878,278936,270942,152610,78003,74607,70295,34376,35919,262332,135429,126903,43168,20328,22840,21473,10800,10673
Mid,2042,204207,000,State of Texas,39,39 yrs,542174,274851,267323,151205,77451,73754,69280,33853,35427,258339,133210,125129,42910,20046,22864,20440,10291,10149
Mid,2042,204207,000,State of Texas,40,40 yrs,546762,276987,269775,152703,78215,74488,73743,35621,38122,255467,132170,123297,44462,20860,23602,20387,10121,10266
Mid,2042,204207,000,State of Texas,41,41 yrs,551483,276755,274728,159045,80674,78371,73932,35364,38568,251994,128861,123133,46319,21886,24433,20193,9970,10223
Mid,2042,204207,000,State of Texas,42,42 yrs,545701,275569,270132,162071,82772,79299,73257,35104,38153,246361,126558,119803,44991,21454,23537,19021,9681,9340
Mid,2042,204207,000,State of Texas,43,43 yrs,520991,263001,257990,156228,79740,76488,69026,33261,35765,234354,120160,114194,43514,20924,22590,17869,8916,8953
Mid,2042,204207,000,State of Texas,44,44 yrs,505157,255586,249571,151972,77729,74243,66719,32192,34527,225601,115966,109635,43476,21067,22409,17389,8632,8757
Mid,2042,204207,000,State of Texas,45,45 yrs,495283,250472,244811,151709,77600,74109,64651,31069,33582,219357,112878,106479,43061,20747,22314,16505,8178,8327
Mid,2042,204207,000,State of Texas,46,46 yrs,492166,247863,244303,152508,77672,74836,63934,30719,33215,215931,110343,105588,42734,20756,21978,17059,8373,8686
Mid,2042,204207,000,State of Texas,47,47 yrs,504139,254494,249645,158084,80905,77179,66458,31753,34705,220606,112944,107662,42363,20643,21720,16628,8249,8379
Mid,2042,204207,000,State of Texas,48,48 yrs,485076,242897,242179,153557,78258,75299,64584,30866,33718,208926,105620,103306,41688,20278,21410,16321,7875,8446
Mid,2042,204207,000,State of Texas,49,49 yrs,484891,242591,242300,155110,79086,76024,65114,30942,34172,206324,104124,102200,42102,20555,21547,16241,7884,8357
Mid,2042,204207,000,State of Texas,50,50 yrs,488547,243948,244599,160600,81865,78735,65374,30935,34439,204618,103066,101552,41837,20223,21614,16118,7859,8259
Mid,2042,204207,000,State of Texas,51,51 yrs,480753,239352,241401,161819,82329,79490,64069,30197,33872,196965,98951,98014,41473,20007,21466,16427,7868,8559
Mid,2042,204207,000,State of Texas,52,52 yrs,508363,253840,254523,172650,87878,84772,67482,31807,35675,208377,105294,103083,42864,20715,22149,16990,8146,8844
Mid,2042,204207,000,State of Texas,53,53 yrs,456401,225509,230892,158782,80661,78121,59920,28062,31858,180602,89552,91050,41155,19653,21502,15942,7581,8361
Mid,2042,204207,000,State of Texas,54,54 yrs,458114,226676,231438,160340,81238,79102,59021,27412,31609,182875,91402,91473,40310,19218,21092,15568,7406,8162
Mid,2042,204207,000,State of Texas,55,55 yrs,447475,220646,226829,158516,80077,78439,56639,26602,30037,177790,87998,89792,39042,18731,20311,15488,7238,8250
Mid,2042,204207,000,State of Texas,56,56 yrs,445178,219190,225988,159620,80603,79017,56181,26123,30058,174995,86505,88490,39417,18851,20566,14965,7108,7857
Mid,2042,204207,000,State of Texas,57,57 yrs,465194,230237,234957,166469,84575,81894,57916,27239,30677,185188,91880,93308,40329,19395,20934,15292,7148,8144
Mid,2042,204207,000,State of Texas,58,58 yrs,427960,209466,218494,153871,77631,76240,53241,24621,28620,167583,82048,85535,38670,18377,20293,14595,6789,7806
Mid,2042,204207,000,State of Texas,59,59 yrs,428843,209601,219242,155000,78352,76648,53465,24824,28641,167725,81464,86261,37903,18040,19863,14750,6921,7829
Mid,2042,204207,000,State of Texas,60,60 yrs,423653,206418,217235,152906,76983,75923,52010,23983,28027,167648,81530,86118,36845,17378,19467,14244,6544,7700
Mid,2042,204207,000,State of Texas,61,61 yrs,414843,201276,213567,149956,75507,74449,52009,23774,28235,162936,78597,84339,35485,16731,18754,14457,6667,7790
Mid,2042,204207,000,State of Texas,62,62 yrs,436444,213175,223269,154885,77791,77094,54825,25286,29539,176520,86636,89884,36043,16891,19152,14171,6571,7600
Mid,2042,204207,000,State of Texas,63,63 yrs,378351,182874,195477,136361,68457,67904,47765,21843,25922,147932,70960,76972,33140,15563,17577,13153,6051,7102
Mid,2042,204207,000,State of Texas,64,64 yrs,376403,180674,195729,135466,67326,68140,45698,20854,24844,150704,71755,78949,31733,14967,16766,12802,5772,7030
Mid,2042,204207,000,State of Texas,65,65 yrs,364488,174974,189514,130280,64753,65527,43891,20082,23809,146544,69666,76878,31455,14804,16651,12318,5669,6649
Mid,2042,204207,000,State of Texas,66,66 yrs,354298,169565,184733,126417,62965,63452,42189,18934,23255,142556,67582,74974,31387,14793,16594,11749,5291,6458
Mid,2042,204207,000,State of Texas,67,67 yrs,369866,178115,191751,132785,65792,66993,42891,19712,23179,150562,72180,78382,31634,14974,16660,11994,5457,6537
Mid,2042,204207,000,State of Texas,68,68 yrs,336632,159918,176714,122654,60355,62299,39992,18015,21977,133864,62866,70998,29280,13748,15532,10842,4934,5908
Mid,2042,204207,000,State of Texas,69,69 yrs,336646,159155,177491,124565,61036,63529,40317,17996,22321,131651,61611,70040,28753,13417,15336,11360,5095,6265
Mid,2042,204207,000,State of Texas,70,70 yrs,340690,160403,180287,132146,64492,67654,39861,17712,22149,129724,60224,69500,27731,12851,14880,11228,5124,6104
Mid,2042,204207,000,State of Texas,71,71 yrs,343499,161299,182200,139767,67891,71876,40392,17880,22512,125580,58137,67443,26237,12203,14034,11523,5188,6335
Mid,2042,204207,000,State of Texas,72,72 yrs,345693,162907,182786,140683,68106,72577,39362,17326,22036,128854,60602,68252,25630,11812,13818,11164,5061,6103
Mid,2042,204207,000,State of Texas,73,73 yrs,301894,140656,161238,125038,60030,65008,34078,14873,19205,109958,50884,59074,22873,10447,12426,9947,4422,5525
Mid,2042,204207,000,State of Texas,74,74 yrs,288263,133812,154451,118400,56776,61624,33023,14433,18590,106744,49063,57681,20739,9455,11284,9357,4085,5272
Mid,2042,204207,000,State of Texas,75,75 yrs,276567,127585,148982,116046,55013,61033,31957,13676,18281,100688,46466,54222,18815,8521,10294,9061,3909,5152
Mid,2042,204207,000,State of Texas,76,76 yrs,273487,125813,147674,115756,54564,61192,31760,13520,18240,98681,45548,53133,18378,8341,10037,8912,3840,5072
Mid,2042,204207,000,State of Texas,77,77 yrs,284172,130030,154142,125985,59000,66985,32279,13554,18725,99015,45512,53503,17679,7971,9708,9214,3993,5221
Mid,2042,204207,000,State of Texas,78,78 yrs,268355,121497,146858,123759,57298,66461,29608,12232,17376,89255,40660,48595,16625,7412,9213,9108,3895,5213
Mid,2042,204207,000,State of Texas,79,79 yrs,258460,115999,142461,122125,56181,65944,28281,11594,16687,83825,37688,46137,15323,6744,8579,8906,3792,5114
Mid,2042,204207,000,State of Texas,80,80 yrs,246186,109930,136256,119380,54483,64897,26549,10832,15717,78370,35212,43158,13449,5888,7561,8438,3515,4923
Mid,2042,204207,000,State of Texas,81,81 yrs,235112,103888,131224,115435,52360,63075,25473,10238,15235,73566,32626,40940,12750,5439,7311,7888,3225,4663
Mid,2042,204207,000,State of Texas,82,82 yrs,229332,100920,128412,113843,51244,62599,24244,9667,14577,71694,31804,39890,12168,5079,7089,7383,3126,4257
Mid,2042,204207,000,State of Texas,83,83 yrs,201498,87521,113977,102063,45535,56528,21368,8408,12960,60733,26517,34216,10648,4320,6328,6686,2741,3945
Mid,2042,204207,000,State of Texas,84,84 yrs,190190,81486,108704,97588,42913,54675,19628,7614,12014,57002,24485,32517,9693,3876,5817,6279,2598,3681
Mid,2042,204207,000,State of Texas,85,85 yrs,171715,72134,99581,88418,38059,50359,17581,6655,10926,51187,21720,29467,8822,3443,5379,5707,2257,3450
Mid,2042,204207,000,State of Texas,86,86 yrs,154474,64370,90104,79997,34112,45885,15611,5889,9722,45933,19301,26632,7944,3080,4864,4989,1988,3001
Mid,2042,204207,000,State of Texas,87,87 yrs,143280,58971,84309,75061,31673,43388,14207,5202,9005,42322,17565,24757,7172,2749,4423,4518,1782,2736
Mid,2042,204207,000,State of Texas,88,88 yrs,120411,48299,72112,64325,26404,37921,11514,4115,7399,34833,14083,20750,5968,2263,3705,3771,1434,2337
Mid,2042,204207,000,State of Texas,89,89 yrs,106284,42236,64048,57093,23304,33789,9993,3509,6484,30595,12222,18373,5376,1991,3385,3227,1210,2017
Mid,2042,204207,000,State of Texas,90,90 yrs,90394,35429,54965,49168,19795,29373,8402,2839,5563,25853,10209,15644,4330,1555,2775,2641,1031,1610
Mid,2042,204207,000,State of Texas,91,91 yrs,76204,29240,46964,40646,16032,24614,7244,2373,4871,22300,8675,13625,3828,1347,2481,2186,813,1373
Mid,2042,204207,000,State of Texas,92,92 yrs,66873,25303,41570,36137,14083,22054,6023,1972,4051,19385,7396,11989,3420,1194,2226,1908,658,1250
Mid,2042,204207,000,State of Texas,93,93 yrs,53543,19973,33570,29706,11365,18341,4722,1528,3194,15064,5649,9415,2537,892,1645,1514,539,975
Mid,2042,204207,000,State of Texas,94,94 yrs,45829,17014,28815,26248,9989,16259,3756,1201,2555,12508,4668,7840,2043,696,1347,1274,460,814
Mid,2042,204207,000,State of Texas,95,95+ yrs,127496,44615,82881,73692,26522,47170,10155,3024,7131,34896,12087,22809,5411,1869,3542,3342,1113,2229
Mid,2043,204307,000,State of Texas,-1,All Ages,38030512,18810696,19219816,11822139,5871105,5951034,4710232,2247576,2462656,16978429,8506242,8472187,2747562,1313519,1434043,1772150,872254,899896
Mid,2043,204307,000,State of Texas,0,< 1 yr,410110,209156,200954,95780,48848,46932,47645,24299,23346,205832,104974,100858,19478,9934,9544,41375,21101,20274
Mid,2043,204307,000,State of Texas,1,1 yr,414964,211530,203434,96961,49449,47512,48259,24589,23670,209190,106612,102578,19954,10179,9775,40600,20701,19899
Mid,2043,204307,000,State of Texas,2,2 yrs,420414,214263,206151,98358,50167,48191,49006,24957,24049,212633,108327,104306,20480,10450,10030,39937,20362,19575
Mid,2043,204307,000,State of Texas,3,3 yrs,425675,216942,208733,99775,50900,48875,49770,25332,24438,215854,109967,105887,20999,10715,10284,39277,20028,19249
Mid,2043,204307,000,State of Texas,4,4 yrs,430548,219429,211119,101145,51609,49536,50503,25693,24810,218828,111492,107336,21482,10958,10524,38590,19677,18913
Mid,2043,204307,000,State of Texas,5,5 yrs,435070,221715,213355,102459,52279,50180,51187,26031,25156,221630,112919,108711,21921,11173,10748,37873,19313,18560
Mid,2043,204307,000,State of Texas,6,6 yrs,439120,223793,215327,103716,52926,50790,51822,26347,25475,224168,114234,109934,22297,11355,10942,37117,18931,18186
Mid,2043,204307,000,State of Texas,7,7 yrs,442513,225556,216957,104863,53521,51342,52383,26629,25754,226328,115374,110954,22627,11513,11114,36312,18519,17793
Mid,2043,204307,000,State of Texas,8,8 yrs,445400,227056,218344,105930,54066,51864,52903,26887,26016,228181,116363,111818,22911,11648,11263,35475,18092,17383
Mid,2043,204307,000,State of Texas,9,9 yrs,447753,228301,219452,106932,54581,52351,53367,27117,26250,229699,117194,112505,23150,11762,11388,34605,17647,16958
Mid,2043,204307,000,State of Texas,10,10 yrs,449635,229293,220342,107884,55065,52819,53774,27318,26456,230922,117866,113056,23344,11851,11493,33711,17193,16518
Mid,2043,204307,000,State of Texas,11,11 yrs,451059,230041,221018,108787,55521,53266,54159,27506,26653,231801,118354,113447,23512,11931,11581,32800,16729,16071
Mid,2043,204307,000,State of Texas,12,12 yrs,452017,230567,221450,109665,55965,53700,54479,27658,26821,232334,118684,113650,23653,11999,11654,31886,16261,15625
Mid,2043,204307,000,State of Texas,13,13 yrs,452715,230961,221754,110573,56421,54152,54783,27804,26979,232626,118884,113742,23760,12055,11705,30973,15797,15176
Mid,2043,204307,000,State of Texas,14,14 yrs,453021,231147,221874,111484,56883,54601,55039,27925,27114,232570,118905,113665,23866,12106,11760,30062,15328,14734
Mid,2043,204307,000,State of Texas,15,15 yrs,453165,231242,221923,112435,57358,55077,55246,28017,27229,232308,118823,113485,24006,12169,11837,29170,14875,14295
Mid,2043,204307,000,State of Texas,16,16 yrs,453336,231336,222000,113474,57866,55608,55498,28128,27370,231863,118661,113202,24223,12264,11959,28278,14417,13861
Mid,2043,204307,000,State of Texas,17,17 yrs,453627,231474,222153,114556,58387,56169,55747,28227,27520,231350,118476,112874,24574,12415,12159,27400,13969,13431
Mid,2043,204307,000,State of Texas,18,18 yrs,454599,231968,222631,115817,59004,56813,56087,28368,27719,231062,118428,112634,25085,12636,12449,26548,13532,13016
Mid,2043,204307,000,State of Texas,19,19 yrs,455680,232483,223197,117339,59768,57571,56621,28574,28047,230421,118209,112212,25634,12854,12780,25665,13078,12587
Mid,2043,204307,000,State of Texas,20,20 yrs,457147,233191,223956,118896,60540,58356,57191,28797,28394,229960,118083,111877,26307,13136,13171,24793,12635,12158
Mid,2043,204307,000,State of Texas,21,21 yrs,457391,233177,224214,120225,61203,59022,58015,29168,28847,228857,117459,111398,26457,13198,13259,23837,12149,11688
Mid,2043,204307,000,State of Texas,22,22 yrs,458456,233668,224788,121527,61859,59668,58271,29228,29043,228517,117357,111160,27211,13537,13674,22930,11687,11243
Mid,2043,204307,000,State of Texas,23,23 yrs,431562,219743,211819,113619,57963,55656,55316,27480,27836,208844,107190,101654,31870,15950,15920,21913,11160,10753
Mid,2043,204307,000,State of Texas,24,24 yrs,441220,224178,217042,118298,60390,57908,57298,28345,28953,211447,108300,103147,32869,16308,16561,21308,10835,10473
Mid,2043,204307,000,State of Texas,25,25 yrs,459087,233038,226049,122305,62337,59968,60053,29851,30202,219419,112391,107028,35099,17182,17917,22211,11277,10934
Mid,2043,204307,000,State of Texas,26,26 yrs,478994,243507,235487,128984,65772,63212,61648,30607,31041,228542,117224,111318,37263,18292,18971,22557,11612,10945
Mid,2043,204307,000,State of Texas,27,27 yrs,498445,252842,245603,135489,69044,66445,63957,31322,32635,237666,122168,115498,38302,18652,19650,23031,11656,11375
Mid,2043,204307,000,State of Texas,28,28 yrs,510840,259678,251162,137549,70370,67179,65774,32346,33428,244078,125783,118295,40018,19393,20625,23421,11786,11635
Mid,2043,204307,000,State of Texas,29,29 yrs,510668,259325,251343,138390,70734,67656,65759,32430,33329,243865,125473,118392,40090,19256,20834,22564,11432,11132
Mid,2043,204307,000,State of Texas,30,30 yrs,513450,260016,253434,139092,70557,68535,65909,32225,33684,244135,125712,118423,41780,20265,21515,22534,11257,11277
Mid,2043,204307,000,State of Texas,31,31 yrs,516579,261945,254634,139046,70510,68536,66764,32730,34034,247148,127779,119369,41469,19697,21772,22152,11229,10923
Mid,2043,204307,000,State of Texas,32,32 yrs,523651,266059,257592,141648,72418,69230,68001,33335,34666,250421,129563,120858,41624,19611,22013,21957,11132,10825
Mid,2043,204307,000,State of Texas,33,33 yrs,548961,278214,270747,146589,74981,71608,71433,34674,36759,265516,136873,128643,42332,19908,22424,23091,11778,11313
Mid,2043,204307,000,State of Texas,34,34 yrs,551322,279734,271588,147828,75508,72320,72149,35301,36848,266290,137457,128833,42450,20017,22433,22605,11451,11154
Mid,2043,204307,000,State of Texas,35,35 yrs,566400,286585,279815,151867,77376,74491,74212,36162,38050,273645,140974,132671,43669,20487,23182,23007,11586,11421
Mid,2043,204307,000,State of Texas,36,36 yrs,562439,284641,277798,151893,77536,74357,73974,36151,37823,271050,139258,131792,42908,20160,22748,22614,11536,11078
Mid,2043,204307,000,State of Texas,37,37 yrs,553440,280758,272682,150515,77147,73368,71670,34798,36872,266035,137466,128569,43225,20225,23000,21995,11122,10873
Mid,2043,204307,000,State of Texas,38,38 yrs,556810,282954,273856,151864,77819,74045,71537,34930,36607,267589,138698,128891,43999,20617,23382,21821,10890,10931
Mid,2043,204307,000,State of Texas,39,39 yrs,552834,280411,272423,152980,78214,74766,70718,34573,36145,263656,136081,127575,43975,20731,23244,21505,10812,10693
Mid,2043,204307,000,State of Texas,40,40 yrs,544837,276141,268696,151541,77640,73901,69667,34029,35638,259507,133760,125747,43651,20410,23241,20471,10302,10169
Mid,2043,204307,000,State of Texas,41,41 yrs,549225,278158,271067,153011,78391,74620,74108,35786,38322,256539,132655,123884,45152,21195,23957,20415,10131,10284
Mid,2043,204307,000,State of Texas,42,42 yrs,553770,277818,275952,159344,80848,78496,74287,35528,38759,252926,129247,123679,46994,22216,24778,20219,9979,10240
Mid,2043,204307,000,State of Texas,43,43 yrs,547813,276551,271262,162331,82931,79400,73594,35262,38332,247212,126891,120321,45632,21778,23854,19044,9689,9355
Mid,2043,204307,000,State of Texas,44,44 yrs,522967,263947,259020,156458,79885,76573,69340,33409,35931,235155,120484,114671,44126,21247,22879,17888,8922,8966
Mid,2043,204307,000,State of Texas,45,45 yrs,507037,256496,250541,152181,77859,74322,67001,32328,34673,226374,116285,110089,44074,21387,22687,17407,8637,8770
Mid,2043,204307,000,State of Texas,46,46 yrs,496966,251283,245683,151876,77703,74173,64906,31188,33718,220035,113152,106883,43629,21058,22571,16520,8182,8338
Mid,2043,204307,000,State of Texas,47,47 yrs,493606,248545,245061,152635,77751,74884,64162,30825,33337,216477,110552,105925,43264,21044,22220,17068,8373,8695
Mid,2043,204307,000,State of Texas,48,48 yrs,505258,254972,250286,158143,80943,77200,66653,31838,34815,220988,113044,107944,42839,20899,21940,16635,8248,8387
Mid,2043,204307,000,State of Texas,49,49 yrs,485964,243235,242729,153576,78270,75306,64753,30936,33817,209202,105659,103543,42108,20498,21610,16325,7872,8453
Mid,2043,204307,000,State of Texas,50,50 yrs,485562,242808,242754,155080,79061,76019,65252,30995,34257,206529,104139,102390,42462,20735,21727,16239,7878,8361
Mid,2043,204307,000,State of Texas,51,51 yrs,489029,244072,244957,160512,81808,78704,65473,30960,34513,204753,103056,101697,42178,20397,21781,16113,7851,8262
Mid,2043,204307,000,State of Texas,52,52 yrs,481091,239395,241696,161692,82240,79452,64149,30208,33941,197022,98912,98110,41811,20178,21633,16417,7857,8560
Mid,2043,204307,000,State of Texas,53,53 yrs,508476,253735,254741,172441,87737,84704,67521,31791,35730,208345,105202,103143,43196,20874,22322,16973,8131,8842
Mid,2043,204307,000,State of Texas,54,54 yrs,456497,225379,231118,158557,80509,78048,59956,28042,31914,180571,89460,91111,41489,19803,21686,15924,7565,8359
Mid,2043,204307,000,State of Texas,55,55 yrs,458049,226429,231620,160047,81042,79005,59035,27381,31654,182786,91265,91521,40635,19353,21282,15546,7388,8158
Mid,2043,204307,000,State of Texas,56,56 yrs,447258,220308,226950,158159,79849,78310,56623,26548,30075,177654,87827,89827,39367,18870,20497,15455,7214,8241
Mid,2043,204307,000,State of Texas,57,57 yrs,444775,218734,226041,159189,80326,78863,56128,26052,30076,174805,86294,88511,39725,18982,20743,14928,7080,7848
Mid,2043,204307,000,State of Texas,58,58 yrs,464432,229567,234865,165913,84218,81695,57807,27133,30674,184858,91587,93271,40609,19514,21095,15245,7115,8130
Mid,2043,204307,000,State of Texas,59,59 yrs,427129,208780,218349,153293,77266,76027,53122,24516,28606,167229,81747,85482,38941,18497,20444,14544,6754,7790
Mid,2043,204307,000,State of Texas,60,60 yrs,427775,208779,218996,154340,77929,76411,53302,24693,28609,167275,81118,86157,38169,18160,20009,14689,6879,7810
Mid,2043,204307,000,State of Texas,61,61 yrs,422348,205459,216889,152163,76507,75656,51816,23834,27982,167088,81123,85965,37103,17495,19608,14178,6500,7678
Mid,2043,204307,000,State of Texas,62,62 yrs,413296,200180,213116,149136,74986,74150,51762,23594,28168,162304,78151,84153,35717,16834,18883,14377,6615,7762
Mid,2043,204307,000,State of Texas,63,63 yrs,434380,211745,222635,153904,77166,76738,54490,25050,29440,175676,86049,89627,36226,16965,19261,14084,6515,7569
Mid,2043,204307,000,State of Texas,64,64 yrs,376377,181522,194855,135417,67861,67556,47442,21618,25824,147169,70436,76733,33288,15614,17674,13061,5993,7068
Mid,2043,204307,000,State of Texas,65,65 yrs,374053,179111,194942,134400,66663,67737,45329,20602,24727,149794,71149,78645,31827,14985,16842,12703,5712,6991
Mid,2043,204307,000,State of Texas,66,66 yrs,361178,172866,188312,128916,63903,65013,43348,19744,23604,145356,68920,76436,31318,14683,16635,12240,5616,6624
Mid,2043,204307,000,State of Texas,67,67 yrs,350647,167270,183377,124953,62054,62899,41607,18579,23028,141249,66768,74481,31174,14633,16541,11664,5236,6428
Mid,2043,204307,000,State of Texas,68,68 yrs,365597,175458,190139,131102,64754,66348,42238,19310,22928,149012,71215,77797,31353,14787,16566,11892,5392,6500
Mid,2043,204307,000,State of Texas,69,69 yrs,332440,157346,175094,120982,59329,61653,39337,17622,21715,132389,61962,70427,28989,13562,15427,10743,4871,5872
Mid,2043,204307,000,State of Texas,70,70 yrs,332059,156373,175686,122721,59915,62806,39599,17573,22026,130063,60646,69417,28436,13218,15218,11240,5021,6219
Mid,2043,204307,000,State of Texas,71,71 yrs,335618,157362,178256,130018,63213,66805,39094,17266,21828,128019,59199,68820,27392,12642,14750,11095,5042,6053
Mid,2043,204307,000,State of Texas,72,72 yrs,337877,157971,179906,137306,66432,70874,39548,17395,22153,123777,57063,66714,25880,11986,13894,11366,5095,6271
Mid,2043,204307,000,State of Texas,73,73 yrs,339449,159240,180209,137960,66510,71450,38466,16820,21646,126793,59371,67422,25237,11579,13658,10993,4960,6033
Mid,2043,204307,000,State of Texas,74,74 yrs,295864,137178,158686,122361,58482,63879,33232,14402,18830,108014,49751,58263,22480,10218,12262,9777,4325,5452
Mid,2043,204307,000,State of Texas,75,75 yrs,281958,130220,151738,115615,55182,60433,32135,13942,18193,104686,47882,56804,20343,9228,11115,9179,3986,5193
Mid,2043,204307,000,State of Texas,76,76 yrs,269940,123861,146079,113062,53330,59732,31028,13175,17853,98569,45257,53312,18414,8295,10119,8867,3804,5063
Mid,2043,204307,000,State of Texas,77,77 yrs,266210,121757,144453,112460,52722,59738,30749,12979,17770,96370,44239,52131,17936,8093,9843,8695,3724,4971
Mid,2043,204307,000,State of Texas,78,78 yrs,275708,125386,150322,121977,56791,65186,31148,12962,18186,96430,44071,52359,17195,7705,9490,8958,3857,5101
Mid,2043,204307,000,State of Texas,79,79 yrs,259477,116727,142750,119383,54931,64452,28473,11653,16820,86682,39257,47425,16116,7138,8978,8823,3748,5075
Mid,2043,204307,000,State of Texas,80,80 yrs,248969,110981,137988,117333,53620,63713,27090,10997,16093,81154,36264,44890,14799,6468,8331,8593,3632,4961
Mid,2043,204307,000,State of Texas,81,81 yrs,236041,104640,131401,114129,51717,62412,25312,10220,15092,75571,33737,41834,12927,5617,7310,8102,3349,4753
Mid,2043,204307,000,State of Texas,82,82 yrs,224247,98319,125928,109735,49391,60344,24161,9605,14556,70631,31113,39518,12187,5156,7031,7533,3054,4479
Mid,2043,204307,000,State of Texas,83,83 yrs,217462,94870,122592,107548,47986,59562,22868,9010,13858,68476,30153,38323,11562,4781,6781,7008,2940,4068
Mid,2043,204307,000,State of Texas,84,84 yrs,189879,81690,108189,95792,42323,53469,20040,7786,12254,57687,24985,32702,10054,4037,6017,6306,2559,3747
Mid,2043,204307,000,State of Texas,85,85 yrs,177959,75448,102511,90926,39557,51369,18284,6997,11287,53781,22896,30885,9088,3593,5495,5880,2405,3475
Mid,2043,204307,000,State of Texas,86,86 yrs,159461,66220,93241,81754,34778,46976,16258,6065,10193,47935,20141,27794,8209,3164,5045,5305,2072,3233
Mid,2043,204307,000,State of Texas,87,87 yrs,142302,58572,83730,73371,30896,42475,14321,5320,9001,42676,17741,24935,7334,2806,4528,4600,1809,2791
Mid,2043,204307,000,State of Texas,88,88 yrs,130789,53130,77659,68210,28402,39808,12922,4656,8266,38966,15986,22980,6562,2480,4082,4129,1606,2523
Mid,2043,204307,000,State of Texas,89,89 yrs,108839,43053,65786,57882,23426,34456,10375,3646,6729,31762,12682,19080,5407,2020,3387,3413,1279,2134
Mid,2043,204307,000,State of Texas,90,90 yrs,95028,37217,57811,50816,20440,30376,8912,3075,5837,27594,10879,16715,4816,1756,3060,2890,1067,1823
Mid,2043,204307,000,State of Texas,91,91 yrs,79874,30835,49039,43246,17148,26098,7413,2460,4953,23040,8973,14067,3837,1356,2481,2338,898,1440
Mid,2043,204307,000,State of Texas,92,92 yrs,66488,25116,41372,35299,13706,21593,6315,2031,4284,19613,7520,12093,3348,1159,2189,1913,700,1213
Mid,2043,204307,000,State of Texas,93,93 yrs,57536,21422,36114,30950,11869,19081,5182,1666,3516,16806,6316,10490,2951,1013,1938,1647,558,1089
Mid,2043,204307,000,State of Texas,94,94 yrs,45376,16650,28726,25068,9434,15634,4007,1273,2734,12857,4747,8110,2156,745,1411,1288,451,837
Mid,2043,204307,000,State of Texas,95,95+ yrs,138153,48452,89701,79388,28613,50775,11165,3342,7823,37918,13229,24689,5977,2024,3953,3705,1244,2461
Mid,2044,204407,000,State of Texas,-1,All Ages,38336262,18965362,19370900,11791829,5857418,5934411,4756339,2269484,2486855,17183375,8611262,8572113,2797449,1336972,1460477,1807270,890226,917044
Mid,2044,204407,000,State of Texas,0,< 1 yr,408306,208236,200070,94772,48334,46438,47439,24194,23245,204359,104223,100136,19665,10029,9636,42071,21456,20615
Mid,2044,204407,000,State of Texas,1,1 yr,413198,210626,202572,95956,48936,47020,48061,24487,23574,207717,105860,101857,20160,10283,9877,41304,21060,20244
Mid,2044,204407,000,State of Texas,2,2 yrs,418821,213459,205362,97378,49671,47707,48814,24858,23956,211267,107636,103631,20709,10567,10142,40653,20727,19926
Mid,2044,204407,000,State of Texas,3,3 yrs,424127,216149,207978,98789,50397,48392,49580,25235,24345,214518,109283,105235,21234,10834,10400,40006,20400,19606
Mid,2044,204407,000,State of Texas,4,4 yrs,429203,218732,210471,100185,51117,49068,50336,25604,24732,217609,110864,106745,21729,11084,10645,39344,20063,19281
Mid,2044,204407,000,State of Texas,5,5 yrs,434011,221187,212824,101537,51814,49723,51049,25960,25089,220583,112392,108191,22182,11308,10874,38660,19713,18947
Mid,2044,204407,000,State of Texas,6,6 yrs,438484,223465,215019,102846,52483,50363,51722,26294,25428,223392,113840,109552,22580,11498,11082,37944,19350,18594
Mid,2044,204407,000,State of Texas,7,7 yrs,442498,225541,216957,104086,53122,50964,52343,26605,25738,225963,115187,110776,22919,11660,11259,37187,18967,18220
Mid,2044,204407,000,State of Texas,8,8 yrs,445866,227299,218567,105223,53710,51513,52895,26881,26014,228146,116349,111797,23222,11805,11417,36380,18554,17826
Mid,2044,204407,000,State of Texas,9,9 yrs,448740,228797,219943,106281,54246,52035,53405,27134,26271,230025,117360,112665,23486,11931,11555,35543,18126,17417
Mid,2044,204407,000,State of Texas,10,10 yrs,451091,230031,221060,107268,54752,52516,53860,27358,26502,231579,118201,113378,23710,12037,11673,34674,17683,16991
Mid,2044,204407,000,State of Texas,11,11 yrs,452927,231003,221924,108218,55232,52986,54264,27557,26707,232776,118863,113913,23892,12124,11768,33777,17227,16550
Mid,2044,204407,000,State of Texas,12,12 yrs,454308,231722,222586,109124,55689,53435,54639,27736,26903,233633,119335,114298,24045,12198,11847,32867,16764,16103
Mid,2044,204407,000,State of Texas,13,13 yrs,455229,232239,222990,110004,56134,53870,54962,27892,27070,234150,119663,114487,24162,12256,11906,31951,16294,15657
Mid,2044,204407,000,State of Texas,14,14 yrs,455950,232643,223307,110925,56594,54331,55269,28039,27230,234453,119872,114581,24264,12308,11956,31039,15830,15209
Mid,2044,204407,000,State of Texas,15,15 yrs,456354,232860,223494,111868,57066,54802,55540,28164,27376,234423,119904,114519,24396,12366,12030,30127,15360,14767
Mid,2044,204407,000,State of Texas,16,16 yrs,456770,233084,223686,112887,57570,55317,55802,28277,27525,234242,119875,114367,24600,12453,12147,29239,14909,14330
Mid,2044,204407,000,State of Texas,17,17 yrs,457316,233352,223964,113999,58107,55892,56118,28410,27708,233920,119787,114133,24934,12598,12336,28345,14450,13895
Mid,2044,204407,000,State of Texas,18,18 yrs,458061,233729,224332,115161,58666,56495,56446,28546,27900,233537,119696,113841,25441,12815,12626,27476,14006,13470
Mid,2044,204407,000,State of Texas,19,19 yrs,459457,234405,225052,116763,59475,57288,57048,28783,28265,233053,119557,113496,25998,13035,12963,26595,13555,13040
Mid,2044,204407,000,State of Texas,20,20 yrs,460803,235039,225764,118320,60246,58074,57625,29010,28615,232483,119369,113114,26668,13316,13352,25707,13098,12609
Mid,2044,204407,000,State of Texas,21,21 yrs,462434,235825,226609,119919,61043,58876,58199,29229,28970,232077,119259,112818,27404,13639,13765,24835,12655,12180
Mid,2044,204407,000,State of Texas,22,22 yrs,462774,235840,226934,121230,61702,59528,59075,29630,29445,231007,118620,112387,27586,13721,13865,23876,12167,11709
Mid,2044,204407,000,State of Texas,23,23 yrs,463909,236351,227558,122493,62345,60148,59315,29678,29637,230704,118519,112185,28428,14103,14325,22969,11706,11263
Mid,2044,204407,000,State of Texas,24,24 yrs,437276,222524,214752,114637,58474,56163,56377,27931,28446,211152,108411,102741,33144,16522,16622,21966,11186,10780
Mid,2044,204407,000,State of Texas,25,25 yrs,447206,227056,220150,119352,60913,58439,58385,28800,29585,213922,109614,104308,34185,16869,17316,21362,10860,10502
Mid,2044,204407,000,State of Texas,26,26 yrs,465359,236061,229298,123388,62877,60511,61183,30311,30872,222080,113841,108239,36444,17731,18713,22264,11301,10963
Mid,2044,204407,000,State of Texas,27,27 yrs,485416,246575,238841,130091,66318,63773,62790,31068,31722,231300,118736,112564,38619,18813,19806,22616,11640,10976
Mid,2044,204407,000,State of Texas,28,28 yrs,504910,255925,248985,136628,69605,67023,65095,31784,33311,240443,123691,116752,39653,19160,20493,23091,11685,11406
Mid,2044,204407,000,State of Texas,29,29 yrs,517243,262740,254503,138689,70935,67754,66928,32817,34111,246835,127288,119547,41316,19889,21427,23475,11811,11664
Mid,2044,204407,000,State of Texas,30,30 yrs,516934,262367,254567,139517,71303,68214,66887,32898,33989,246584,126965,119619,41326,19742,21584,22620,11459,11161
Mid,2044,204407,000,State of Texas,31,31 yrs,519515,263010,256505,140192,71112,69080,67005,32681,34324,246769,127183,119586,42955,20748,22207,22594,11286,11308
Mid,2044,204407,000,State of Texas,32,32 yrs,522359,264809,257550,140126,71058,69068,67829,33183,34646,249609,129151,120458,42590,20163,22427,22205,11254,10951
Mid,2044,204407,000,State of Texas,33,33 yrs,529149,268766,260383,142711,72958,69753,69040,33782,35258,252695,130813,121882,42697,20058,22639,22006,11155,10851
Mid,2044,204407,000,State of Texas,34,34 yrs,554211,280772,273439,147632,75509,72123,72454,35109,37345,267636,138024,129612,43352,20332,23020,23137,11798,11339
Mid,2044,204407,000,State of Texas,35,35 yrs,556360,282158,274202,148872,76036,72836,73175,35733,37442,268255,138506,129749,43408,20409,22999,22650,11474,11176
Mid,2044,204407,000,State of Texas,36,36 yrs,570465,288743,281722,152343,77645,74698,74774,36435,38339,275586,142035,133551,44714,21024,23690,23048,11604,11444
Mid,2044,204407,000,State of Texas,37,37 yrs,566109,286571,279538,152334,77787,74547,74484,36396,38088,272755,140175,132580,43883,20660,23223,22653,11553,11100
Mid,2044,204407,000,State of Texas,38,38 yrs,556736,282451,274285,150922,77378,73544,72140,35019,37121,267525,138238,129287,44118,20680,23438,22031,11136,10895
Mid,2044,204407,000,State of Texas,39,39 yrs,559782,284437,275345,152229,78026,74203,71968,35132,36836,268924,139356,129568,44808,21020,23788,21853,10903,10950
Mid,2044,204407,000,State of Texas,40,40 yrs,555534,281726,273808,153315,78402,74913,71112,34754,36358,264852,136651,128201,44721,21097,23624,21534,10822,10712
Mid,2044,204407,000,State of Texas,41,41 yrs,547319,277331,269988,151850,77821,74029,70035,34197,35838,260588,134252,126336,44348,20750,23598,20498,10311,10187
Mid,2044,204407,000,State of Texas,42,42 yrs,551504,279211,272293,153298,78557,74741,74453,35946,38507,257493,133048,124445,45820,21520,24300,20440,10140,10300
Mid,2044,204407,000,State of Texas,43,43 yrs,555933,278832,277101,159611,81010,78601,74628,35687,38941,253808,129602,124206,47642,22544,25098,20244,9989,10255
Mid,2044,204407,000,State of Texas,44,44 yrs,549836,277515,272321,162569,83076,79493,73919,35417,38502,248026,127219,120807,46258,22107,24151,19064,9696,9368
Mid,2044,204407,000,State of Texas,45,45 yrs,524862,264863,259999,156665,80014,76651,69628,33549,36079,235937,120805,115132,44728,21569,23159,17904,8926,8978
Mid,2044,204407,000,State of Texas,46,46 yrs,508764,257338,251426,152359,77972,74387,67265,32451,34814,227073,116574,110499,44645,21700,22945,17422,8641,8781
Mid,2044,204407,000,State of Texas,47,47 yrs,498424,251974,246450,152004,77782,74222,65141,31299,33842,220588,113363,107225,44160,21347,22813,16531,8183,8348
Mid,2044,204407,000,State of Texas,48,48 yrs,494779,249053,245726,152711,77796,74915,64360,30909,33451,216893,110677,106216,43742,21300,22442,17073,8371,8702
Mid,2044,204407,000,State of Texas,49,49 yrs,506116,255278,250838,158157,80947,77210,66814,31903,34911,221248,113067,108181,43259,21117,22142,16638,8244,8394
Mid,2044,204407,000,State of Texas,50,50 yrs,486662,243466,243196,153555,78254,75301,64896,30990,33906,209412,105673,103739,42473,20682,21791,16326,7867,8459
Mid,2044,204407,000,State of Texas,51,51 yrs,486075,242937,243138,155009,79009,76000,65359,31024,34335,206670,104127,102543,42803,20907,21896,16234,7870,8364
Mid,2044,204407,000,State of Texas,52,52 yrs,489382,244114,245268,160384,81718,78666,65558,30974,34584,204825,103019,101806,42510,20562,21948,16105,7841,8264
Mid,2044,204407,000,State of Texas,53,53 yrs,481320,239357,241963,161517,82120,79397,64213,30207,34006,197037,98846,98191,42149,20340,21809,16404,7844,8560
Mid,2044,204407,000,State of Texas,54,54 yrs,508472,253533,254939,172180,87565,84615,67543,31760,35783,208266,105071,103195,43531,21024,22507,16952,8113,8839
Mid,2044,204407,000,State of Texas,55,55 yrs,456493,225170,231323,158283,80328,77955,59983,28016,31967,180502,89334,91168,41823,19945,21878,15902,7547,8355
Mid,2044,204407,000,State of Texas,56,56 yrs,457846,226091,231755,159691,80808,78883,59024,27332,31692,182650,91092,91558,40966,19494,21472,15515,7365,8150
Mid,2044,204407,000,State of Texas,57,57 yrs,446889,219873,227016,157742,79583,78159,56579,26480,30099,177468,87618,89850,39683,19006,20677,15417,7186,8231
Mid,2044,204407,000,State of Texas,58,58 yrs,444179,218165,226014,158690,80007,78683,56046,25965,30081,174539,86035,88504,40018,19109,20909,14886,7049,7837
Mid,2044,204407,000,State of Texas,59,59 yrs,463457,228778,234679,165284,83816,81468,57668,27013,30655,184434,91239,93195,40879,19631,21248,15192,7079,8113
Mid,2044,204407,000,State of Texas,60,60 yrs,426105,207989,218116,152648,76857,75791,52975,24394,28581,166789,81405,85384,39206,18618,20588,14487,6715,7772
Mid,2044,204407,000,State of Texas,61,61 yrs,426493,207836,218657,153602,77460,76142,53108,24544,28564,166736,80723,86013,38426,18276,20150,14621,6833,7788
Mid,2044,204407,000,State of Texas,62,62 yrs,420820,204366,216454,151344,75985,75359,51584,23662,27922,166450,80667,85783,37338,17600,19738,14104,6452,7652
Mid,2044,204407,000,State of Texas,63,63 yrs,411490,198920,212570,148228,74407,73821,51473,23390,28083,161585,77649,83936,35914,16915,18999,14290,6559,7731
Mid,2044,204407,000,State of Texas,64,64 yrs,431980,210121,221859,152817,76484,76333,54101,24784,29317,174717,85392,89325,36357,17007,19350,13988,6454,7534
Mid,2044,204407,000,State of Texas,65,65 yrs,374078,179984,194094,134370,67202,67168,47069,21365,25704,146299,69854,76445,33379,15632,17747,12961,5931,7030
Mid,2044,204407,000,State of Texas,66,66 yrs,370688,176967,193721,133003,65792,67211,44776,20257,24519,148593,70394,78199,31692,14864,16828,12624,5660,6964
Mid,2044,204407,000,State of Texas,67,67 yrs,357495,170545,186950,127436,62984,64452,42760,19381,23379,144040,68098,75942,31108,14525,16583,12151,5557,6594
Mid,2044,204407,000,State of Texas,68,68 yrs,346686,164815,181871,123390,61088,62302,40992,18208,22784,139832,65891,73941,30904,14453,16451,11568,5175,6393
Mid,2044,204407,000,State of Texas,69,69 yrs,361046,172650,188396,129326,63663,65663,41550,18892,22658,147351,70187,77164,31038,14586,16452,11781,5322,6459
Mid,2044,204407,000,State of Texas,70,70 yrs,327978,154636,173342,119211,58252,60959,38647,17213,21434,130814,61005,69809,28672,13363,15309,10634,4803,5831
Mid,2044,204407,000,State of Texas,71,71 yrs,327176,153441,173735,120765,58739,62026,38846,17135,21711,128365,59620,68745,28091,13005,15086,11109,4942,6167
Mid,2044,204407,000,State of Texas,72,72 yrs,330198,154153,176045,127746,61866,65880,38290,16805,21485,126191,58110,68081,27023,12419,14604,10948,4953,5995
Mid,2044,204407,000,State of Texas,73,73 yrs,331852,154453,177399,134672,64891,69781,38662,16893,21769,121838,55923,65915,25487,11752,13735,11193,4994,6199
Mid,2044,204407,000,State of Texas,74,74 yrs,332687,155323,177364,135020,64806,70214,37517,16290,21227,124547,58052,66495,24800,11325,13475,10803,4850,5953
Mid,2044,204407,000,State of Texas,75,75 yrs,289442,133528,155914,119508,56852,62656,32348,13917,18431,105942,48564,57378,22051,9973,12078,9593,4222,5371
Mid,2044,204407,000,State of Texas,76,76 yrs,275264,126455,148809,112666,53510,59156,31208,13437,17771,102490,46641,55849,19914,8986,10928,8986,3881,5105
Mid,2044,204407,000,State of Texas,77,77 yrs,262815,119901,142914,109858,51540,58318,30048,12653,17395,96280,43967,52313,17974,8050,9924,8655,3691,4964
Mid,2044,204407,000,State of Texas,78,78 yrs,258372,117452,140920,108907,50760,58147,29684,12419,17265,93874,42850,51024,17449,7824,9625,8458,3599,4859
Mid,2044,204407,000,State of Texas,79,79 yrs,266647,120499,146148,117690,54461,63229,29958,12352,17606,93651,42552,51099,16668,7421,9247,8680,3713,4967
Mid,2044,204407,000,State of Texas,80,80 yrs,250018,111717,138301,114728,52444,62284,27283,11057,16226,83927,37778,46149,15564,6846,8718,8516,3592,4924
Mid,2044,204407,000,State of Texas,81,81 yrs,238786,105681,133105,112201,50915,61286,25838,10381,15457,78269,34752,43517,14225,6171,8054,8253,3462,4791
Mid,2044,204407,000,State of Texas,82,82 yrs,225204,99067,126137,108528,48800,59728,24016,9592,14424,72562,32176,40386,12359,5326,7033,7739,3173,4566
Mid,2044,204407,000,State of Texas,83,83 yrs,212712,92456,120256,103703,46267,57436,22799,8957,13842,67477,29506,37971,11581,4854,6727,7152,2872,4280
Mid,2044,204407,000,State of Texas,84,84 yrs,205001,88595,116406,100972,44618,56354,21454,8348,13106,65046,28415,36631,10917,4468,6449,6612,2746,3866
Mid,2044,204407,000,State of Texas,85,85 yrs,177731,75674,102057,89282,39030,50252,18676,7160,11516,54436,23370,31066,9428,3743,5685,5909,2371,3538
Mid,2044,204407,000,State of Texas,86,86 yrs,165308,69291,96017,84097,36163,47934,16913,6380,10533,50371,21235,29136,8460,3304,5156,5467,2209,3258
Mid,2044,204407,000,State of Texas,87,87 yrs,146966,60287,86679,75021,31517,43504,14925,5483,9442,44545,18517,26028,7581,2884,4697,4894,1886,3008
Mid,2044,204407,000,State of Texas,88,88 yrs,129964,52802,77162,66708,27721,38987,13030,4764,8266,39307,16153,23154,6712,2532,4180,4207,1632,2575
Mid,2044,204407,000,State of Texas,89,89 yrs,118269,47386,70883,61401,25212,36189,11647,4127,7520,35536,14400,21136,5946,2214,3732,3739,1433,2306
Mid,2044,204407,000,State of Texas,90,90 yrs,97376,37963,59413,51552,20560,30992,9259,3198,6061,28657,11292,17365,4849,1784,3065,3059,1129,1930
Mid,2044,204407,000,State of Texas,91,91 yrs,84021,32412,51609,44726,17719,27007,7865,2666,5199,24602,9565,15037,4267,1531,2736,2561,931,1630
Mid,2044,204407,000,State of Texas,92,92 yrs,69724,26496,43228,37581,14668,22913,6466,2107,4359,20273,7781,12492,3359,1167,2192,2045,773,1272
Mid,2044,204407,000,State of Texas,93,93 yrs,57247,21277,35970,30256,11558,18698,5438,1717,3721,17012,6424,10588,2890,984,1906,1651,594,1057
Mid,2044,204407,000,State of Texas,94,94 yrs,48800,17871,30929,26137,9859,16278,4401,1389,3012,14350,5309,9041,2510,847,1663,1402,467,935
Mid,2044,204407,000,State of Texas,95,95+ yrs,146310,51169,95141,82960,29798,53162,12189,3654,8535,40626,14192,26434,6526,2184,4342,4009,1341,2668
Mid,2045,204507,000,State of Texas,-1,All Ages,38636072,19117280,19518792,11760060,5843120,5916940,4801901,2291156,2510745,17384101,8714214,8669887,2847130,1360322,1486808,1842880,908468,934412
Mid,2045,204507,000,State of Texas,0,< 1 yr,406538,207335,199203,93768,47822,45946,47238,24091,23147,202927,103493,99434,19839,10118,9721,42766,21811,20955
Mid,2045,204507,000,State of Texas,1,1 yr,411414,209718,201696,94951,48424,46527,47863,24387,23476,206252,105114,101138,20350,10379,9971,41998,21414,20584
Mid,2045,204507,000,State of Texas,2,2 yrs,417067,212563,204504,96372,49157,47215,48622,24760,23862,209797,106886,102911,20920,10674,10246,41356,21086,20270
Mid,2045,204507,000,State of Texas,3,3 yrs,422547,215351,207196,97809,49901,47908,49394,25139,24255,213153,108592,104561,21468,10954,10514,40723,20765,19958
Mid,2045,204507,000,State of Texas,4,4 yrs,427667,217946,209721,99198,50614,48584,50153,25511,24642,216273,110180,106093,21969,11205,10764,40074,20436,19638
Mid,2045,204507,000,State of Texas,5,5 yrs,432679,220499,212180,100581,51327,49254,50886,25873,25013,219365,111764,107601,22433,11436,10997,39414,20099,19315
Mid,2045,204507,000,State of Texas,6,6 yrs,437434,222940,214494,101924,52018,49906,51588,26224,25364,222347,113313,109034,22844,11635,11209,38731,19750,18981
Mid,2045,204507,000,State of Texas,7,7 yrs,441869,225215,216654,103216,52679,50537,52247,26553,25694,225187,114793,110394,23205,11804,11401,38014,19386,18628
Mid,2045,204507,000,State of Texas,8,8 yrs,445858,227286,218572,104445,53310,51135,52857,26857,26000,227783,116163,111620,23517,11954,11563,37256,19002,18254
Mid,2045,204507,000,State of Texas,9,9 yrs,449215,229045,220170,105573,53890,51683,53400,27129,26271,229991,117347,112644,23802,12091,11711,36449,18588,17861
Mid,2045,204507,000,State of Texas,10,10 yrs,452085,230530,221555,106616,54416,52200,53901,27377,26524,231907,118368,113539,24048,12207,11841,35613,18162,17451
Mid,2045,204507,000,State of Texas,11,11 yrs,454390,231744,222646,107603,54920,52683,54352,27598,26754,233434,119198,114236,24260,12311,11949,34741,17717,17024
Mid,2045,204507,000,State of Texas,12,12 yrs,456183,232688,223495,108553,55399,53154,54748,27790,26958,234609,119845,114764,24428,12392,12036,33845,17262,16583
Mid,2045,204507,000,State of Texas,13,13 yrs,457531,233398,224133,109462,55857,53605,55125,27971,27154,235452,120315,115137,24559,12458,12101,32933,16797,16136
Mid,2045,204507,000,State of Texas,14,14 yrs,458475,233923,224552,110357,56307,54050,55450,28127,27323,235979,120651,115328,24671,12511,12160,32018,16327,15691
Mid,2045,204507,000,State of Texas,15,15 yrs,459293,234358,224935,111309,56776,54533,55773,28279,27494,236309,120872,115437,24798,12569,12229,31104,15862,15242
Mid,2045,204507,000,State of Texas,16,16 yrs,459972,234707,225265,112321,57277,55044,56100,28426,27674,236361,120958,115403,24993,12652,12341,30197,15394,14803
Mid,2045,204507,000,State of Texas,17,17 yrs,460765,235105,225660,113412,57810,55602,56427,28561,27866,236303,121002,115301,25316,12789,12527,29307,14943,14364
Mid,2045,204507,000,State of Texas,18,18 yrs,461769,235614,226155,114604,58386,56218,56825,28732,28093,236112,121009,115103,25806,13000,12806,28422,14487,13935
Mid,2045,204507,000,State of Texas,19,19 yrs,462934,236172,226762,116104,59135,56969,57417,28965,28452,235531,120826,114705,26358,13216,13142,27524,14030,13494
Mid,2045,204507,000,State of Texas,20,20 yrs,464606,236977,227629,117743,59952,57791,58062,29223,28839,235127,120728,114399,27037,13499,13538,26637,13575,13062
Mid,2045,204507,000,State of Texas,21,21 yrs,466110,237682,228428,119342,60748,58594,58647,29450,29197,234602,120545,114057,27769,13821,13948,25750,13118,12632
Mid,2045,204507,000,State of Texas,22,22 yrs,467828,238501,229327,120934,61547,59387,59227,29678,29549,234240,120433,113807,28552,14169,14383,24875,12674,12201
Mid,2045,204507,000,State of Texas,23,23 yrs,468279,238545,229734,122217,62199,60018,60146,30092,30054,233193,119780,113413,28808,14288,14520,23915,12186,11729
Mid,2045,204507,000,State of Texas,24,24 yrs,469591,239111,230480,123468,62833,60635,60397,30139,30258,232999,119730,113269,29705,14677,15028,23022,11732,11290
Mid,2045,204507,000,State of Texas,25,25 yrs,443257,225399,217858,115685,58994,56691,57473,28390,29083,213616,109720,103896,34462,17083,17379,22021,11212,10809
Mid,2045,204507,000,State of Texas,26,26 yrs,453465,230065,223400,120429,61446,58983,59514,29259,30255,216576,111060,105516,35531,17417,18114,21415,10883,10532
Mid,2045,204507,000,State of Texas,27,27 yrs,471781,239134,232647,124491,63424,61067,62340,30780,31560,224830,115349,109481,37798,18252,19546,22322,11329,10993
Mid,2045,204507,000,State of Texas,28,28 yrs,491871,249653,242218,131208,66869,64339,63940,31535,32405,234070,120256,113814,39977,19324,20653,22676,11669,11007
Mid,2045,204507,000,State of Texas,29,29 yrs,511330,259001,252329,137764,70168,67596,66253,32255,33998,243210,125208,118002,40956,19658,21298,23147,11712,11435
Mid,2045,204507,000,State of Texas,30,30 yrs,523548,265805,257743,139816,71503,68313,68071,33293,34778,249567,128792,120775,42563,20379,22184,23531,11838,11693
Mid,2045,204507,000,State of Texas,31,31 yrs,523031,265381,257650,140629,71868,68761,67998,33360,34638,249217,128437,120780,42508,20229,22279,22679,11487,11192
Mid,2045,204507,000,State of Texas,32,32 yrs,525320,265885,259435,141271,71659,69612,68085,33141,34944,249228,128554,120674,44087,21218,22869,22649,11313,11336
Mid,2045,204507,000,State of Texas,33,33 yrs,527871,267520,260351,141188,71598,69590,68877,33632,35245,251879,130400,121479,43671,20612,23059,22256,11278,10978
Mid,2045,204507,000,State of Texas,34,34 yrs,534408,271336,263072,143750,73489,70261,70064,34220,35844,254817,131966,122851,43724,20485,23239,22053,11176,10877
Mid,2045,204507,000,State of Texas,35,35 yrs,559244,283201,276043,148656,76027,72629,73473,35537,37936,269616,139088,130528,44316,20727,23589,23183,11822,11361
Mid,2045,204507,000,State of Texas,36,36 yrs,560426,284324,276102,149349,76309,73040,73739,36009,37730,270192,139566,130626,44454,20947,23507,22692,11493,11199
Mid,2045,204507,000,State of Texas,37,37 yrs,574166,290689,283477,152785,77896,74889,75296,36687,38609,277300,142957,134343,45698,21528,24170,23087,11621,11466
Mid,2045,204507,000,State of Texas,38,38 yrs,569456,288298,281158,152742,78019,74723,74966,36623,38343,274276,140970,133306,44783,21119,23664,22689,11567,11122
Mid,2045,204507,000,State of Texas,39,39 yrs,559741,283951,275790,151288,77586,73702,72580,35226,37354,268879,138905,129974,44930,21085,23845,22064,11149,10915
Mid,2045,204507,000,State of Texas,40,40 yrs,562505,285767,276738,152567,78218,74349,72367,35315,37052,270133,139933,130200,45556,21388,24168,21882,10913,10969
Mid,2045,204507,000,State of Texas,41,41 yrs,558051,282925,275126,153630,78581,75049,71489,34924,36565,265947,137150,128797,45424,21438,23986,21561,10832,10729
Mid,2045,204507,000,State of Texas,42,42 yrs,549621,278404,271217,152130,77983,74147,70384,34357,36027,261562,134665,126897,45021,21078,23943,20524,10321,10203
Mid,2045,204507,000,State of Texas,43,43 yrs,553655,280222,273433,153563,78720,74843,74788,36101,38687,258377,133406,124971,46464,21846,24618,20463,10149,10314
Mid,2045,204507,000,State of Texas,44,44 yrs,558019,279825,278194,159865,81168,78697,74960,35843,39117,254651,129938,124713,48278,22880,25398,20265,9996,10269
Mid,2045,204507,000,State of Texas,45,45 yrs,551770,278450,273320,162775,83205,79570,74222,35565,38657,248818,127543,121275,46872,22436,24436,19083,9701,9382
Mid,2045,204507,000,State of Texas,46,46 yrs,526599,265710,260889,156839,80125,76714,69897,33675,36222,236640,121096,115544,45303,21884,23419,17920,8930,8990
Mid,2045,204507,000,State of Texas,47,47 yrs,510250,258044,252206,152488,78051,74437,67509,32566,34943,227644,116798,110846,45176,21987,23189,17433,8642,8791
Mid,2045,204507,000,State of Texas,48,48 yrs,499622,252499,247123,152088,77834,74254,65345,31388,33957,221009,113489,107520,44640,21605,23035,16540,8183,8357
Mid,2045,204507,000,State of Texas,49,49 yrs,495685,249394,246291,152742,77814,74928,64526,30978,33548,217176,110714,106462,44166,21521,22645,17075,8367,8708
Mid,2045,204507,000,State of Texas,50,50 yrs,506782,255485,251297,158122,80921,77201,66948,31951,34997,221451,113074,108377,43623,21301,22322,16638,8238,8400
Mid,2045,204507,000,State of Texas,51,51 yrs,487194,243606,243588,153490,78209,75281,65008,31021,33987,209556,105659,103897,42818,20857,21961,16322,7860,8462
Mid,2045,204507,000,State of Texas,52,52 yrs,486455,242993,243462,154899,78933,75966,65447,31040,34407,206747,104088,102659,43136,21072,22064,16226,7860,8366
Mid,2045,204507,000,State of Texas,53,53 yrs,489618,244072,245546,160225,81606,78619,65623,30973,34650,204831,102944,101887,42846,20720,22126,16093,7829,8264
Mid,2045,204507,000,State of Texas,54,54 yrs,481448,239229,242219,161303,81972,79331,64263,30194,34069,197006,98742,98264,42490,20493,21997,16386,7828,8558
Mid,2045,204507,000,State of Texas,55,55 yrs,508354,253240,255114,171875,87361,84514,67554,31721,35833,208131,104899,103232,43867,21166,22701,16927,8093,8834
Mid,2045,204507,000,State of Texas,56,56 yrs,456355,224871,231484,157947,80109,77838,59989,27974,32015,180384,89172,91212,42162,20091,22071,15873,7525,8348
Mid,2045,204507,000,State of Texas,57,57 yrs,457491,225657,231834,159284,80545,78739,58986,27269,31717,182452,90871,91581,41290,19634,21656,15479,7338,8141
Mid,2045,204507,000,State of Texas,58,58 yrs,446329,219326,227003,157259,79276,77983,56510,26398,30112,177204,87360,89844,39983,19137,20846,15373,7155,8218
Mid,2045,204507,000,State of Texas,59,59 yrs,443388,217488,225900,158122,79644,78478,55935,25862,30073,174193,85734,88459,40301,19234,21067,14837,7014,7823
Mid,2045,204507,000,State of Texas,60,60 yrs,462275,227865,234410,164584,83367,81217,57499,26875,30624,183917,90836,93081,41143,19749,21394,15132,7038,8094
Mid,2045,204507,000,State of Texas,61,61 yrs,424870,207078,217792,151934,76403,75531,52794,24254,28540,166255,81014,85241,39465,18735,20730,14422,6672,7750
Mid,2045,204507,000,State of Texas,62,62 yrs,424972,206739,218233,152787,76937,75850,52878,24370,28508,166102,80271,85831,38661,18379,20282,14544,6782,7762
Mid,2045,204507,000,State of Texas,63,63 yrs,419010,203103,215907,150428,75405,75023,51312,23463,27849,165715,80154,85561,37534,17682,19852,14021,6399,7622
Mid,2045,204507,000,State of Texas,64,64 yrs,409358,197469,211889,147210,73766,73444,51137,23158,27979,160761,77084,83677,36057,16963,19094,14193,6498,7695
Mid,2045,204507,000,State of Texas,65,65 yrs,429246,208302,220944,151626,75739,75887,53658,24486,29172,173648,84673,88975,36432,17016,19416,13882,6388,7494
Mid,2045,204507,000,State of Texas,66,66 yrs,370747,177857,192890,132991,66338,66653,46506,21014,25492,145139,69124,76015,33229,15503,17726,12882,5878,7004
Mid,2045,204507,000,State of Texas,67,67 yrs,366952,174626,192326,131495,64858,66637,44180,19891,24289,147260,69568,77692,31483,14707,16776,12534,5602,6932
Mid,2045,204507,000,State of Texas,68,68 yrs,353491,168060,185431,125854,62009,63845,42136,18999,23137,142609,67211,75398,30842,14349,16493,12050,5492,6558
Mid,2045,204507,000,State of Texas,69,69 yrs,342464,162226,180238,121742,60073,61669,40342,17821,22521,138316,64962,73354,30601,14261,16340,11463,5109,6354
Mid,2045,204507,000,State of Texas,70,70 yrs,356210,169692,186518,127444,62517,64927,40826,18458,22368,145586,69100,76486,30696,14371,16325,11658,5246,6412
Mid,2045,204507,000,State of Texas,71,71 yrs,323213,151767,171446,117322,57114,60208,37921,16788,21133,129128,59986,69142,28327,13149,15178,10515,4730,5785
Mid,2045,204507,000,State of Texas,72,72 yrs,321955,150341,171614,118675,57494,61181,38054,16681,21373,126549,58535,68014,27713,12775,14938,10964,4856,6108
Mid,2045,204507,000,State of Texas,73,73 yrs,324378,150751,173627,125313,60436,64877,37444,16327,21117,124217,56953,67264,26616,12177,14439,10788,4858,5930
Mid,2045,204507,000,State of Texas,74,74 yrs,325312,150686,174626,131823,63242,68581,37720,16368,21352,119716,54694,65022,25050,11497,13553,11003,4885,6118
Mid,2045,204507,000,State of Texas,75,75 yrs,325479,151205,174274,131885,63010,68875,36526,15746,20780,122146,56663,65483,24325,11053,13272,10597,4733,5864
Mid,2045,204507,000,State of Texas,76,76 yrs,282618,129696,152922,116478,55140,61338,31426,13417,18009,103736,47316,56420,21586,9712,11874,9392,4111,5281
Mid,2045,204507,000,State of Texas,77,77 yrs,268060,122439,145621,109492,51724,57768,30230,12909,17321,100123,45317,54806,19441,8722,10719,8774,3767,5007
Mid,2045,204507,000,State of Texas,78,78 yrs,255142,115696,139446,106415,49638,56777,29015,12112,16903,93800,42592,51208,17490,7785,9705,8422,3569,4853
Mid,2045,204507,000,State of Texas,79,79 yrs,249976,112922,137054,105107,48693,56414,28562,11841,16721,91189,41385,49804,16918,7537,9381,8200,3466,4734
Mid,2045,204507,000,State of Texas,80,80 yrs,256995,115366,141629,113125,52010,61115,28713,11725,16988,90681,40955,49726,16096,7117,8979,8380,3559,4821
Mid,2045,204507,000,State of Texas,81,81 yrs,239862,106421,133441,109737,49813,59924,26032,10443,15589,80950,36207,44743,14960,6532,8428,8183,3426,4757
Mid,2045,204507,000,State of Texas,82,82 yrs,227902,100093,127809,106721,48058,58663,24525,9748,14777,75167,33152,42015,13603,5854,7749,7886,3281,4605
Mid,2045,204507,000,State of Texas,83,83 yrs,213692,93203,120489,102593,45732,56861,22673,8951,13722,69329,30518,38811,11747,5016,6731,7350,2986,4364
Mid,2045,204507,000,State of Texas,84,84 yrs,200596,86374,114222,97400,43039,54361,21397,8302,13095,64112,27812,36300,10937,4538,6399,6750,2683,4067
Mid,2045,204507,000,State of Texas,85,85 yrs,191969,82114,109855,94148,41163,52985,20000,7680,12320,61386,26582,34804,10239,4144,6095,6196,2545,3651
Mid,2045,204507,000,State of Texas,86,86 yrs,165165,69533,95632,82610,35699,46911,17284,6532,10752,50996,21680,29316,8778,3443,5335,5497,2179,3318
Mid,2045,204507,000,State of Texas,87,87 yrs,152404,63113,89291,77191,32786,44405,15532,5772,9760,46820,19530,27290,7816,3013,4803,5045,2012,3033
Mid,2045,204507,000,State of Texas,88,88 yrs,134290,54375,79915,68246,28292,39954,13589,4914,8675,41038,16864,24174,6940,2603,4337,4477,1702,2775
Mid,2045,204507,000,State of Texas,89,89 yrs,117589,47123,70466,60081,24622,35459,11752,4226,7526,35859,14556,21303,6086,2262,3824,3811,1457,2354
Mid,2045,204507,000,State of Texas,90,90 yrs,105858,41806,64052,54706,22138,32568,10397,3621,6776,32071,12827,19244,5333,1955,3378,3351,1265,2086
Mid,2045,204507,000,State of Texas,91,91 yrs,86153,33081,53072,45406,17833,27573,8177,2775,5402,25559,9932,15627,4299,1556,2743,2712,985,1727
Mid,2045,204507,000,State of Texas,92,92 yrs,73391,27868,45523,38892,15165,23727,6863,2284,4579,21657,8298,13359,3737,1319,2418,2242,802,1440
Mid,2045,204507,000,State of Texas,93,93 yrs,60065,22456,37609,32233,12377,19856,5572,1782,3790,17593,6650,10943,2902,991,1911,1765,656,1109
Mid,2045,204507,000,State of Texas,94,94 yrs,48590,17760,30830,25570,9606,15964,4621,1432,3189,14534,5403,9131,2459,822,1637,1406,497,909
Mid,2045,204507,000,State of Texas,95,95+ yrs,155618,54272,101346,86650,31050,55600,13344,3997,9347,44019,15402,28617,7260,2395,4865,4345,1428,2917
Mid,2046,204607,000,State of Texas,-1,All Ages,38930141,19266524,19663617,11727026,5828290,5898736,4846907,2312600,2534307,17580660,8815116,8765544,2896553,1383531,1513022,1878995,926987,952008
Mid,2046,204607,000,State of Texas,0,< 1 yr,404784,206440,198344,92772,47314,45458,47046,23993,23053,201532,102781,98751,19978,10189,9789,43456,22163,21293
Mid,2046,204607,000,State of Texas,1,1 yr,409699,208845,200854,93960,47919,46041,47668,24286,23382,204850,104400,100450,20530,10472,10058,42691,21768,20923
Mid,2046,204607,000,State of Texas,2,2 yrs,415298,211663,203635,95368,48646,46722,48430,24662,23768,208334,106141,102193,21114,10772,10342,42052,21442,20610
Mid,2046,204607,000,State of Texas,3,3 yrs,420803,214458,206345,96803,49387,47416,49206,25042,24164,211684,107842,103842,21682,11062,10620,41428,21125,20303
Mid,2046,204607,000,State of Texas,4,4 yrs,426096,217152,208944,98217,50117,48100,49972,25418,24554,214909,109489,105420,22207,11327,10880,40791,20801,19990
Mid,2046,204607,000,State of Texas,5,5 yrs,431148,219714,211434,99592,50822,48770,50708,25782,24926,218028,111080,106948,22677,11559,11118,40143,20471,19672
Mid,2046,204607,000,State of Texas,6,6 yrs,436108,222257,213851,100967,51531,49436,51428,26139,25289,221128,112686,108442,23100,11765,11335,39485,20136,19349
Mid,2046,204607,000,State of Texas,7,7 yrs,440827,224695,216132,102293,52214,50079,52116,26485,25631,224142,114266,109876,23473,11943,11530,38803,19787,19016
Mid,2046,204607,000,State of Texas,8,8 yrs,445237,226965,218272,103572,52866,50706,52764,26807,25957,227009,115770,111239,23808,12100,11708,38084,19422,18662
Mid,2046,204607,000,State of Texas,9,9 yrs,449213,229034,220179,104793,53489,51304,53365,27106,26259,229629,117161,112468,24100,12241,11859,37326,19037,18289
Mid,2046,204607,000,State of Texas,10,10 yrs,452568,230782,221786,105906,54059,51847,53899,27373,26526,231874,118356,113518,24369,12369,12000,36520,18625,17895
Mid,2046,204607,000,State of Texas,11,11 yrs,455392,232247,223145,106949,54583,52366,54395,27617,26778,233763,119366,114397,24604,12484,12120,35681,18197,17484
Mid,2046,204607,000,State of Texas,12,12 yrs,457658,233435,224223,107938,55087,52851,54838,27831,27007,235271,120182,115089,24801,12582,12219,34810,17753,17057
Mid,2046,204607,000,State of Texas,13,13 yrs,459413,234367,225046,108890,55566,53324,55235,28025,27210,236430,120826,115604,24946,12654,12292,33912,17296,16616
Mid,2046,204607,000,State of Texas,14,14 yrs,460783,235087,225696,109813,56029,53784,55614,28207,27407,237284,121305,115979,25070,12714,12356,33002,16832,16170
Mid,2046,204607,000,State of Texas,15,15 yrs,461825,235644,226181,110740,56489,54251,55956,28368,27588,237837,121653,116184,25208,12774,12434,32084,16360,15724
Mid,2046,204607,000,State of Texas,16,16 yrs,462921,236211,226710,111762,56987,54775,56336,28542,27794,238250,121929,116321,25399,12856,12543,31174,15897,15277
Mid,2046,204607,000,State of Texas,17,17 yrs,463981,236734,227247,112846,57517,55329,56731,28712,28019,238424,122087,116337,25713,12990,12723,30267,15428,14839
Mid,2046,204607,000,State of Texas,18,18 yrs,465233,237374,227859,114017,58089,55928,57143,28887,28256,238499,122226,116273,26191,13193,12998,29383,14979,14404
Mid,2046,204607,000,State of Texas,19,19 yrs,466654,238062,228592,115545,58854,56691,57807,29157,28650,238107,122140,115967,26726,13401,13325,28469,14510,13959
Mid,2046,204607,000,State of Texas,20,20 yrs,468109,238760,229349,117087,59617,57470,58443,29411,29032,237608,121998,115610,27404,13684,13720,27567,14050,13517
Mid,2046,204607,000,State of Texas,21,21 yrs,469928,239624,230304,118763,60453,58310,59093,29666,29427,237249,121905,115344,28144,14006,14138,26679,13594,13085
Mid,2046,204607,000,State of Texas,22,22 yrs,471533,240377,231156,120355,61251,59104,59686,29904,29782,236777,121730,115047,28924,14354,14570,25791,13138,12653
Mid,2046,204607,000,State of Texas,23,23 yrs,473357,241218,232139,121930,62048,59882,60264,30125,30139,236453,121608,114845,29793,14743,15050,24917,12694,12223
Mid,2046,204607,000,State of Texas,24,24 yrs,474018,241333,232685,123218,62703,60515,61256,30565,30691,235485,120988,114497,30093,14866,15227,23966,12211,11755
Mid,2046,204607,000,State of Texas,25,25 yrs,475552,241974,233578,124474,63331,61143,61514,30605,30909,235462,121040,114422,31025,15240,15785,23077,11758,11319
Mid,2046,204607,000,State of Texas,26,26 yrs,449509,228407,221102,116756,59525,57231,58609,28853,29756,216259,111161,105098,35811,17632,18179,22074,11236,10838
Mid,2046,204607,000,State of Texas,27,27 yrs,459865,233127,226738,121518,61986,59532,60670,29727,30943,219318,112564,106754,36885,17938,18947,21474,10912,10562
Mid,2046,204607,000,State of Texas,28,28 yrs,478239,242216,236023,125604,63976,61628,63506,31254,32252,227591,116865,110726,39157,18764,20393,22381,11357,11024
Mid,2046,204607,000,State of Texas,29,29 yrs,498278,252723,245555,132323,67423,64900,65107,32010,33097,236828,121769,115059,41288,19825,21463,22732,11696,11036
Mid,2046,204607,000,State of Texas,30,30 yrs,517647,262065,255582,138895,70735,68160,67400,32731,34669,245941,126711,119230,42206,20148,22058,23205,11740,11465
Mid,2046,204607,000,State of Texas,31,31 yrs,529696,268840,260856,140928,72067,68861,69200,33763,35437,252222,130274,121948,43754,20869,22885,23592,11867,11725
Mid,2046,204607,000,State of Texas,32,32 yrs,528855,268262,260593,141715,72419,69296,69090,33824,35266,251674,129806,121868,43642,20699,22943,22734,11514,11220
Mid,2046,204607,000,State of Texas,33,33 yrs,530858,268606,262252,142332,72198,70134,69146,33596,35550,251498,129803,121695,45180,21671,23509,22702,11338,11364
Mid,2046,204607,000,State of Texas,34,34 yrs,533136,270093,263043,142224,72127,70097,69907,34073,35834,253995,131551,122444,44706,21042,23664,22304,11300,11004
Mid,2046,204607,000,State of Texas,35,35 yrs,539442,273769,265673,144763,74002,70761,71088,34653,36435,256798,133032,123766,44692,20881,23811,22101,11201,10900
Mid,2046,204607,000,State of Texas,36,36 yrs,563331,285383,277948,149129,76297,72832,74039,35814,38225,271567,140162,131405,45369,21268,24101,23227,11842,11385
Mid,2046,204607,000,State of Texas,37,37 yrs,564130,286274,277856,149793,76564,73229,74264,36260,38004,271904,140489,131415,45438,21451,23987,22731,11510,11221
Mid,2046,204607,000,State of Texas,38,38 yrs,577542,292435,285107,153193,78128,75065,75788,36920,38868,278830,143757,135073,46606,21992,24614,23125,11638,11487
Mid,2046,204607,000,State of Texas,39,39 yrs,572520,289830,282690,153124,78235,74889,75420,36838,38582,275648,141647,134001,45606,21530,24076,22722,11580,11142
Mid,2046,204607,000,State of Texas,40,40 yrs,562522,285304,277218,151628,77779,73849,72998,35418,37580,270121,139492,130629,45681,21455,24226,22094,11160,10934
Mid,2046,204607,000,State of Texas,41,41 yrs,565037,286973,278064,152877,78394,74483,72750,35489,37261,271239,140437,130802,46261,21730,24531,21910,10923,10987
Mid,2046,204607,000,State of Texas,42,42 yrs,560389,284021,276368,153919,78751,75168,71845,35089,36756,266934,137570,129364,46104,21770,24334,21587,10841,10746
Mid,2046,204607,000,State of Texas,43,43 yrs,551787,279420,272367,152396,78142,74254,70722,34515,36207,262450,135028,127422,45672,21406,24266,20547,10329,10218
Mid,2046,204607,000,State of Texas,44,44 yrs,555712,281197,274515,153807,78870,74937,75110,36252,38858,259221,133744,125477,47092,22176,24916,20482,10155,10327
Mid,2046,204607,000,State of Texas,45,45 yrs,559996,280786,279210,160086,81309,78777,75265,35991,39274,255459,130269,125190,48902,23216,25686,20284,10001,10283
Mid,2046,204607,000,State of Texas,46,46 yrs,553539,279311,274228,162949,83316,79633,74505,35698,38807,249529,127835,121694,47458,22757,24701,19098,9705,9393
Mid,2046,204607,000,State of Texas,47,47 yrs,528104,266428,261676,156973,80211,76762,70140,33788,36352,237219,121323,115896,45841,22176,23665,17931,8930,9001
Mid,2046,204607,000,State of Texas,48,48 yrs,511461,258573,252888,152573,78104,74469,67722,32659,35063,228070,116926,111144,45657,22244,23413,17439,8640,8799
Mid,2046,204607,000,State of Texas,49,49 yrs,500549,252852,247697,152118,77850,74268,65515,31457,34058,221309,113540,107769,45062,21825,23237,16545,8180,8365
Mid,2046,204607,000,State of Texas,50,50 yrs,496401,249628,246773,152733,77803,74930,64661,31026,33635,217397,110730,106667,44536,21708,22828,17074,8361,8713
Mid,2046,204607,000,State of Texas,51,51 yrs,507282,255601,251681,158044,80867,77177,67050,31978,35072,221587,113052,108535,43966,21474,22492,16635,8230,8405
Mid,2046,204607,000,State of Texas,52,52 yrs,487616,243686,243930,153396,78142,75254,65101,31039,34062,209646,105628,104018,43158,21026,22132,16315,7851,8464
Mid,2046,204607,000,State of Texas,53,53 yrs,486740,242974,243766,154758,78835,75923,65518,31041,34477,206778,104021,102757,43472,21230,22242,16214,7847,8367
Mid,2046,204607,000,State of Texas,54,54 yrs,489755,243950,245805,160018,81465,78553,65676,30961,34715,204800,102840,101960,43184,20870,22314,16077,7814,8263
Mid,2046,204607,000,State of Texas,55,55 yrs,481472,239029,242443,161039,81795,79244,64307,30178,34129,196931,98610,98321,42831,20636,22195,16364,7810,8554
Mid,2046,204607,000,State of Texas,56,56 yrs,508094,252850,255244,171504,87117,84387,67538,31666,35872,207949,104686,103263,44208,21312,22896,16895,8069,8826
Mid,2046,204607,000,State of Texas,57,57 yrs,456081,224486,231595,157559,79861,77698,59967,27917,32050,180224,88972,91252,42493,20237,22256,15838,7499,8339
Mid,2046,204607,000,State of Texas,58,58 yrs,456942,225113,231829,158808,80239,78569,58918,27189,31729,182183,90608,91575,41597,19770,21827,15436,7307,8129
Mid,2046,204607,000,State of Texas,59,59 yrs,445571,218672,226899,156706,78926,77780,56410,26300,30110,176858,87059,89799,40274,19267,21007,15323,7120,8203
Mid,2046,204607,000,State of Texas,60,60 yrs,442378,216696,225682,157477,79236,78241,55796,25744,30052,173749,85381,88368,40575,19360,21215,14781,6975,7806
Mid,2046,204607,000,State of Texas,61,61 yrs,460857,226820,234037,163807,82868,80939,57297,26717,30580,183287,90379,92908,41400,19863,21537,15066,6993,8073
Mid,2046,204607,000,State of Texas,62,62 yrs,423410,206017,217393,151143,75895,75248,52579,24091,28488,165635,80566,85069,39703,18840,20863,14350,6625,7725
Mid,2046,204607,000,State of Texas,63,63 yrs,423185,205484,217701,151875,76356,75519,52606,24172,28434,165389,79771,85618,38855,18458,20397,14460,6727,7733
Mid,2046,204607,000,State of Texas,64,64 yrs,416879,201649,215230,149408,74762,74646,50991,23238,27753,164872,79576,85296,37677,17731,19946,13931,6342,7589
Mid,2046,204607,000,State of Texas,65,65 yrs,406886,195829,211057,146083,73062,73021,50750,22896,27854,159827,76463,83364,36139,16976,19163,14087,6432,7655
Mid,2046,204607,000,State of Texas,66,66 yrs,425390,205835,219555,150077,74769,75308,53016,24089,28927,172249,83779,88470,36250,16866,19384,13798,6332,7466
Mid,2046,204607,000,State of Texas,67,67 yrs,367042,175522,191520,131494,65404,66090,45894,20639,25255,143857,68323,75534,33006,15338,17668,12791,5818,6973
Mid,2046,204607,000,State of Texas,68,68 yrs,362887,172115,190772,129883,63867,66016,43545,19505,24040,145809,68675,77134,31219,14531,16688,12431,5537,6894
Mid,2046,204607,000,State of Texas,69,69 yrs,349224,165439,183785,124186,60985,63201,41476,18601,22875,141078,66271,74807,30545,14160,16385,11939,5422,6517
Mid,2046,204607,000,State of Texas,70,70 yrs,337946,159480,178466,119985,58999,60986,39656,17418,22238,136689,63972,72717,30269,14053,16216,11347,5038,6309
Mid,2046,204607,000,State of Texas,71,71 yrs,351042,166563,184479,125440,61308,64132,40066,18009,22057,143690,67943,75747,30322,14139,16183,11524,5164,6360
Mid,2046,204607,000,State of Texas,72,72 yrs,318109,148734,169375,115309,55915,59394,37158,16349,20809,127310,58901,68409,27949,12919,15030,10383,4650,5733
Mid,2046,204607,000,State of Texas,73,73 yrs,316335,147053,169282,116433,56177,60256,37220,16210,21010,124580,57375,67205,27296,12527,14769,10806,4764,6042
Mid,2046,204607,000,State of Texas,74,74 yrs,318063,147111,170952,122680,58906,63774,36543,15827,20716,122068,55711,66357,26163,11913,14250,10609,4754,5855
Mid,2046,204607,000,State of Texas,75,75 yrs,318341,146724,171617,128790,61503,67287,36735,15827,20908,117447,53403,64044,24575,11223,13352,10794,4768,6026
Mid,2046,204607,000,State of Texas,76,76 yrs,317825,146881,170944,128561,61123,67438,35490,15185,20305,119591,55203,64388,23810,10762,13048,10373,4608,5765
Mid,2046,204607,000,State of Texas,77,77 yrs,275275,125609,149666,113221,53311,59910,30452,12896,17556,101356,45983,55373,21074,9428,11646,9172,3991,5181
Mid,2046,204607,000,State of Texas,78,78 yrs,260295,118174,142121,106076,49824,56252,29197,12361,16836,97561,43909,53652,18920,8436,10484,8541,3644,4897
Mid,2046,204607,000,State of Texas,79,79 yrs,246910,111261,135649,102724,47628,55096,27927,11553,16374,91129,41140,49989,16962,7501,9461,8168,3439,4729
Mid,2046,204607,000,State of Texas,80,80 yrs,241013,108153,132860,101053,46513,54540,27386,11246,16140,88310,39838,48472,16342,7231,9111,7922,3325,4597
Mid,2046,204607,000,State of Texas,81,81 yrs,246630,109936,136694,108233,49416,58817,27401,11077,16324,87469,39257,48212,15473,6791,8682,8054,3395,4659
Mid,2046,204607,000,State of Texas,82,82 yrs,228997,100831,128166,104404,47033,57371,24719,9811,14908,77747,34543,43204,14305,6196,8109,7822,3248,4574
Mid,2046,204607,000,State of Texas,83,83 yrs,216336,94206,122130,100916,45052,55864,23161,9100,14061,71834,31450,40384,12932,5515,7417,7493,3089,4404
Mid,2046,204607,000,State of Texas,84,84 yrs,201595,87114,114481,96394,42560,53834,21286,8301,12985,65879,28771,37108,11097,4691,6406,6939,2791,4148
Mid,2046,204607,000,State of Texas,85,85 yrs,187914,80088,107826,90853,39725,51128,19956,7642,12314,60518,26024,34494,10258,4209,6049,6329,2488,3841
Mid,2046,204607,000,State of Texas,86,86 yrs,178468,75490,102978,87142,37665,49477,18517,7010,11507,57512,24664,32848,9533,3812,5721,5764,2339,3425
Mid,2046,204607,000,State of Texas,87,87 yrs,152338,63364,88974,75859,32383,43476,15880,5912,9968,47412,19943,27469,8111,3140,4971,5076,1986,3090
Mid,2046,204607,000,State of Texas,88,88 yrs,139311,56950,82361,70244,29446,40798,14148,5175,8973,43144,17791,25353,7159,2722,4437,4616,1816,2800
Mid,2046,204607,000,State of Texas,89,89 yrs,121566,48553,73013,61501,25143,36358,12263,4362,7901,37450,15201,22249,6295,2327,3968,4057,1520,2537
Mid,2046,204607,000,State of Texas,90,90 yrs,105314,41601,63713,53563,21633,31930,10497,3711,6786,32374,12971,19403,5462,1999,3463,3418,1287,2131
Mid,2046,204607,000,State of Texas,91,91 yrs,93701,36453,57248,48203,19212,28991,9185,3143,6042,28611,11287,17324,4731,1707,3024,2971,1104,1867
Mid,2046,204607,000,State of Texas,92,92 yrs,75308,28463,46845,39515,15274,24241,7140,2380,4760,22511,8620,13891,3767,1341,2426,2375,848,1527
Mid,2046,204607,000,State of Texas,93,93 yrs,63266,23633,39633,33380,12805,20575,5915,1932,3983,18804,7095,11709,3230,1120,2110,1937,681,1256
Mid,2046,204607,000,State of Texas,94,94 yrs,51015,18756,32259,27262,10295,16967,4738,1487,3251,15039,5595,9444,2473,830,1643,1503,549,954
Mid,2046,204607,000,State of Texas,95,95+ yrs,162854,56601,106253,89094,31811,57283,14456,4302,10154,46878,16426,30452,7808,2541,5267,4618,1521,3097
Mid,2047,204707,000,State of Texas,-1,All Ages,39218671,19413111,19805560,11692891,5812989,5879902,4891411,2333837,2557574,17773096,8913931,8859165,2945657,1406577,1539080,1915616,945777,969839
Mid,2047,204707,000,State of Texas,0,< 1 yr,403133,205597,197536,91789,46812,44977,46867,23902,22965,200234,102119,98115,20090,10246,9844,44153,22518,21635
Mid,2047,204707,000,State of Texas,1,1 yr,407966,207961,200005,92968,47413,45555,47487,24194,23293,203459,103690,99769,20672,10544,10128,43380,22120,21260
Mid,2047,204707,000,State of Texas,2,2 yrs,413594,210796,202798,94378,48141,46237,48240,24564,23676,206933,105428,101505,21298,10867,10431,42745,21796,20949
Mid,2047,204707,000,State of Texas,3,3 yrs,419042,213562,205480,95797,48875,46922,49021,24947,24074,210221,107097,103124,21879,11162,10717,42124,21481,20643
Mid,2047,204707,000,State of Texas,4,4 yrs,424357,216260,208097,97210,49603,47607,49788,25322,24466,213439,108738,104701,22424,11436,10988,41496,21161,20335
Mid,2047,204707,000,State of Texas,5,5 yrs,429583,218923,210660,98610,50325,48285,50530,25690,24840,216664,110389,106275,22919,11683,11236,40860,20836,20024
Mid,2047,204707,000,State of Texas,6,6 yrs,434584,221474,213110,99976,51024,48952,51256,26051,25205,219789,112000,107789,23348,11890,11458,40215,20509,19706
Mid,2047,204707,000,State of Texas,7,7 yrs,439505,224014,215491,101334,51726,49608,51961,26402,25559,222920,113638,109282,23733,12075,11658,39557,20173,19384
Mid,2047,204707,000,State of Texas,8,8 yrs,444198,226445,217753,102648,52400,50248,52635,26739,25896,225964,115243,110721,24078,12240,11838,38873,19823,19050
Mid,2047,204707,000,State of Texas,9,9 yrs,448597,228715,219882,103919,53044,50875,53274,27056,26218,228856,116769,112087,24394,12389,12005,38154,19457,18697
Mid,2047,204707,000,State of Texas,10,10 yrs,452569,230772,221797,105125,53658,51467,53866,27350,26516,231511,118169,113342,24670,12521,12149,37397,19074,18323
Mid,2047,204707,000,State of Texas,11,11 yrs,455881,232502,223379,106238,54226,52012,54395,27614,26781,233733,119355,114378,24927,12647,12280,36588,18660,17928
Mid,2047,204707,000,State of Texas,12,12 yrs,458664,233941,224723,107282,54749,52533,54883,27852,27031,235601,120351,115250,25148,12756,12392,35750,18233,17517
Mid,2047,204707,000,State of Texas,13,13 yrs,460892,235116,225776,108273,55253,53020,55327,28067,27260,237093,121164,115929,25322,12845,12477,34877,17787,17090
Mid,2047,204707,000,State of Texas,14,14 yrs,462672,236058,226614,109239,55737,53502,55726,28261,27465,238265,121817,116448,25461,12912,12549,33981,17331,16650
Mid,2047,204707,000,State of Texas,15,15 yrs,464144,236811,227333,110194,56210,53984,56125,28449,27676,239143,122307,116836,25613,12980,12633,33069,16865,16204
Mid,2047,204707,000,State of Texas,16,16 yrs,465464,237501,227963,111191,56699,54492,56524,28633,27891,239781,122711,117070,25815,13064,12751,32153,16394,15759
Mid,2047,204707,000,State of Texas,17,17 yrs,466946,238247,228699,112288,57227,55061,56974,28833,28141,240317,123060,117257,26123,13196,12927,31244,15931,15313
Mid,2047,204707,000,State of Texas,18,18 yrs,468464,239011,229453,113451,57796,55655,57454,29041,28413,240622,123313,117309,26594,13397,13197,30343,15464,14879
Mid,2047,204707,000,State of Texas,19,19 yrs,470128,239826,230302,114956,58556,56400,58132,29315,28817,240494,123357,117137,27116,13596,13520,29430,15002,14428
Mid,2047,204707,000,State of Texas,20,20 yrs,471842,240656,231186,116526,59335,57191,58842,29607,29235,240185,123313,116872,27776,13870,13906,28513,14531,13982
Mid,2047,204707,000,State of Texas,21,21 yrs,473449,241418,232031,118105,60118,57987,59485,29859,29626,239733,123177,116556,28515,14193,14322,27611,14071,13540
Mid,2047,204707,000,State of Texas,22,22 yrs,475380,242332,233048,119787,60962,58825,60143,30125,30018,239426,123091,116335,29306,14541,14765,26718,13613,13105
Mid,2047,204707,000,State of Texas,23,23 yrs,477080,243103,233977,121349,61751,59598,60736,30358,30378,238991,122905,116086,30170,14930,15240,25834,13159,12675
Mid,2047,204707,000,State of Texas,24,24 yrs,479105,244017,235088,122941,62557,60384,61339,30582,30757,238759,122829,115930,31096,15328,15768,24970,12721,12249
Mid,2047,204707,000,State of Texas,25,25 yrs,480036,244219,235817,124243,63211,61032,62404,31045,31359,237947,122295,115652,31421,15432,15989,24021,12236,11785
Mid,2047,204707,000,State of Texas,26,26 yrs,481774,244960,236814,125503,63840,61663,62674,31078,31596,238091,122469,115622,32374,15790,16584,23132,11783,11349
Mid,2047,204707,000,State of Texas,27,27 yrs,455904,231464,224440,117840,60062,57778,59774,29325,30449,218990,112659,106331,37167,18153,19014,22133,11265,10868
Mid,2047,204707,000,State of Texas,28,28 yrs,466297,236196,230101,122615,62529,60086,61835,30201,31634,222072,114077,107995,38242,18449,19793,21533,10940,10593
Mid,2047,204707,000,State of Texas,29,29 yrs,484636,245280,239356,126707,64523,62184,64687,31736,32951,230341,118374,111967,40464,19263,21201,22437,11384,11053
Mid,2047,204707,000,State of Texas,30,30 yrs,504583,255782,248801,133432,67979,65453,66262,32490,33772,239549,123269,116280,42548,20319,22229,22792,11725,11067
Mid,2047,204707,000,State of Texas,31,31 yrs,523796,265098,258698,140004,71298,68706,68533,33201,35332,248594,128191,120403,43399,20639,22760,23266,11769,11497
Mid,2047,204707,000,State of Texas,32,32 yrs,535570,271755,263815,142022,72625,69397,70307,34236,36071,254692,131655,123037,44901,21345,23556,23648,11894,11754
Mid,2047,204707,000,State of Texas,33,33 yrs,534412,270992,263420,142780,72960,69820,70164,34285,35879,253942,131054,122888,44739,21154,23585,22787,11539,11248
Mid,2047,204707,000,State of Texas,34,34 yrs,536159,271187,264972,143374,72725,70649,70189,34043,36146,253614,130954,122660,46229,22104,24125,22753,11361,11392
Mid,2047,204707,000,State of Texas,35,35 yrs,538188,272536,265652,143241,72646,70595,70936,34507,36429,255974,132616,123358,45685,21443,24242,22352,11324,11028
Mid,2047,204707,000,State of Texas,36,36 yrs,543540,275960,267580,145235,74271,70964,71663,34936,36727,258744,134105,124639,45752,21426,24326,22146,11222,10924
Mid,2047,204707,000,State of Texas,37,37 yrs,567050,287335,279715,149575,76548,73027,74568,36068,38500,273278,141084,132194,46362,21776,24586,23267,11859,11408
Mid,2047,204707,000,State of Texas,38,38 yrs,567493,288011,279482,150195,76792,73403,74756,36493,38263,273429,141287,132142,46344,21913,24431,22769,11526,11243
Mid,2047,204707,000,State of Texas,39,39 yrs,580648,293994,286654,153575,78344,75231,76253,37139,39114,280223,144451,135772,47437,22408,25029,23160,11652,11508
Mid,2047,204707,000,State of Texas,40,40 yrs,575336,291202,284134,153464,78428,75036,75846,37034,38812,276908,142243,134665,46365,21905,24460,22753,11592,11161
Mid,2047,204707,000,State of Texas,41,41 yrs,565110,286548,278562,151948,77964,73984,73391,35597,37794,271260,140018,131242,46390,21800,24590,22121,11169,10952
Mid,2047,204707,000,State of Texas,42,42 yrs,567386,288072,279314,153160,78560,74600,73110,35655,37455,272239,140863,131376,46941,22062,24879,21936,10932,11004
Mid,2047,204707,000,State of Texas,43,43 yrs,562578,285047,277531,154183,78909,75274,72186,35249,36937,267836,137939,129897,46760,22100,24660,21613,10850,10763
Mid,2047,204707,000,State of Texas,44,44 yrs,553863,280415,273448,152632,78288,74344,71046,34669,36377,263310,135382,127928,46307,21740,24567,20568,10336,10232
Mid,2047,204707,000,State of Texas,45,45 yrs,557671,282153,275518,154021,79005,75016,75404,36395,39009,260040,134088,125952,47707,22506,25201,20499,10159,10340
Mid,2047,204707,000,State of Texas,46,46 yrs,561808,281675,280133,160276,81433,78843,75550,36124,39426,256186,130569,125617,49497,23544,25953,20299,10005,10294
Mid,2047,204707,000,State of Texas,47,47 yrs,555093,280041,275052,163089,83401,79688,74762,35818,38944,250127,128063,122064,48008,23055,24953,19107,9704,9403
Mid,2047,204707,000,State of Texas,48,48 yrs,529347,266973,262374,157054,80262,76792,70356,33883,36473,237673,121463,116210,46325,22435,23890,17939,8930,9009
Mid,2047,204707,000,State of Texas,49,49 yrs,512409,258930,253479,152605,78122,74483,67896,32731,35165,228385,116977,111408,46081,22464,23617,17442,8636,8806
Mid,2047,204707,000,State of Texas,50,50 yrs,501288,253089,248199,152108,77838,74270,65657,31508,34149,221545,113556,107989,45432,22012,23420,16546,8175,8371
Mid,2047,204707,000,State of Texas,51,51 yrs,496960,249777,247183,152680,77764,74916,64773,31058,33715,217552,110718,106834,44885,21884,23001,17070,8353,8717
Mid,2047,204707,000,State of Texas,52,52 yrs,507655,255640,252015,157932,80787,77145,67136,31992,35144,221657,113001,108656,44303,21640,22663,16627,8220,8407
Mid,2047,204707,000,State of Texas,53,53 yrs,487912,243672,244240,153256,78045,75211,65176,31044,34132,209678,105558,104120,43497,21186,22311,16305,7839,8466
Mid,2047,204707,000,State of Texas,54,54 yrs,486919,242869,244050,154579,78710,75869,65580,31034,34546,206750,103914,102836,43811,21379,22432,16199,7832,8367
Mid,2047,204707,000,State of Texas,55,55 yrs,489784,243744,246040,159759,81294,78465,65718,30941,34777,204723,102697,102026,43527,21016,22511,16057,7796,8261
Mid,2047,204707,000,State of Texas,56,56 yrs,481360,238733,242627,160720,81588,79132,64325,30142,34183,196802,98429,98373,43179,20787,22392,16334,7787,8547
Mid,2047,204707,000,State of Texas,57,57 yrs,507660,252351,255309,171066,86832,84234,67494,31595,35899,207706,104429,103277,44537,21454,23083,16857,8041,8816
Mid,2047,204707,000,State of Texas,58,58 yrs,455610,223985,231625,157104,79571,77533,59918,27846,32072,179983,88721,91262,42808,20378,22430,15797,7469,8328
Mid,2047,204707,000,State of Texas,59,59 yrs,456192,224450,231742,158263,79890,78373,58821,27095,31726,181829,90291,91538,41891,19902,21989,15388,7272,8116
Mid,2047,204707,000,State of Texas,60,60 yrs,444601,217898,226703,156085,78531,77554,56280,26185,30095,176413,86705,89708,40557,19396,21161,15266,7081,8185
Mid,2047,204707,000,State of Texas,61,61 yrs,441143,215775,225368,156758,78780,77978,55623,25606,30017,173202,84976,88226,40842,19482,21360,14718,6931,7787
Mid,2047,204707,000,State of Texas,62,62 yrs,459188,225616,233572,162940,82311,80629,57054,26533,30521,182573,89868,92705,41629,19961,21668,14992,6943,8049
Mid,2047,204707,000,State of Texas,63,63 yrs,421672,204793,216879,150256,75329,74927,52321,23902,28419,164927,80070,84857,39899,18920,20979,14269,6572,7697
Mid,2047,204707,000,State of Texas,64,64 yrs,421079,204040,217039,150865,75718,75147,52284,23945,28339,164567,79206,85361,38996,18504,20492,14367,6667,7700
Mid,2047,204707,000,State of Texas,65,65 yrs,414408,200001,214407,148276,74054,74222,50619,22984,27635,163925,78940,84985,37757,17743,20014,13831,6280,7551
Mid,2047,204707,000,State of Texas,66,66 yrs,403322,193551,209771,144608,72136,72472,50162,22533,27629,158582,75675,82907,35964,16829,19135,14006,6378,7628
Mid,2047,204707,000,State of Texas,67,67 yrs,421126,203144,217982,148403,73728,74675,52321,23664,28657,170705,82800,87905,35998,16685,19313,13699,6267,7432
Mid,2047,204707,000,State of Texas,68,68 yrs,363012,173020,189992,129891,64411,65480,45247,20245,25002,142459,67456,75003,32727,15157,17570,12688,5751,6937
Mid,2047,204707,000,State of Texas,69,69 yrs,358536,169457,189079,128178,62824,65354,42870,19102,23768,144249,67721,76528,30922,14343,16579,12317,5467,6850
Mid,2047,204707,000,State of Texas,70,70 yrs,344665,162666,181999,122415,59908,62507,40781,18188,22593,139432,65267,74165,30220,13957,16263,11817,5346,6471
Mid,2047,204707,000,State of Texas,71,71 yrs,333122,156578,176544,118116,57870,60246,38934,17001,21933,134945,62916,72029,29907,13830,16077,11220,4961,6259
Mid,2047,204707,000,State of Texas,72,72 yrs,345511,163253,182258,123300,60031,63269,39264,17542,21722,141655,66712,74943,29914,13891,16023,11378,5077,6301
Mid,2047,204707,000,State of Texas,73,73 yrs,312620,145519,167101,113148,54645,58503,36354,15893,20461,125350,57747,67603,27531,12670,14861,10237,4564,5673
Mid,2047,204707,000,State of Texas,74,74 yrs,310230,143529,166701,114004,54766,59238,36332,15716,20616,122434,56128,66306,26831,12256,14575,10629,4663,5966
Mid,2047,204707,000,State of Texas,75,75 yrs,311323,143282,168041,119876,57298,62578,35600,15311,20289,119765,54400,65365,25668,11630,14038,10414,4643,5771
Mid,2047,204707,000,State of Texas,76,76 yrs,310929,142563,168366,125565,59674,65891,35706,15269,20437,115030,52045,62985,24059,10931,13128,10569,4644,5925
Mid,2047,204707,000,State of Texas,77,77 yrs,309588,142274,167314,124983,59111,65872,34396,14599,19797,116837,53644,63193,23244,10447,12797,10128,4473,5655
Mid,2047,204707,000,State of Texas,78,78 yrs,267357,121265,146092,109719,51369,58350,29423,12354,17069,98774,44560,54214,20512,9121,11391,8929,3861,5068
Mid,2047,204707,000,State of Texas,79,79 yrs,251963,113679,138284,102417,47820,54597,28108,11795,16313,94801,42422,52379,18351,8130,10221,8286,3512,4774
Mid,2047,204707,000,State of Texas,80,80 yrs,238126,106598,131528,98788,45511,53277,26786,10977,15809,88270,39612,48658,16389,7198,9191,7893,3300,4593
Mid,2047,204707,000,State of Texas,81,81 yrs,231379,103106,128273,96709,44208,52501,26143,10629,15514,85196,38193,47003,15713,6902,8811,7618,3174,4444
Mid,2047,204707,000,State of Texas,82,82 yrs,235532,104202,131330,103000,46672,56328,26026,10411,15615,84012,37458,46554,14794,6441,8353,7700,3220,4480
Mid,2047,204707,000,State of Texas,83,83 yrs,217452,94947,122505,98756,44110,54646,23354,9164,14190,74307,32776,41531,13600,5838,7762,7435,3059,4376
Mid,2047,204707,000,State of Texas,84,84 yrs,204168,88087,116081,94841,41940,52901,21755,8444,13311,68275,29655,38620,12219,5159,7060,7078,2889,4189
Mid,2047,204707,000,State of Texas,85,85 yrs,188925,80813,108112,89947,39299,50648,19861,7644,12217,62199,26929,35270,10412,4353,6059,6506,2588,3918
Mid,2047,204707,000,State of Texas,86,86 yrs,174779,73662,101117,84132,36367,47765,18485,6980,11505,56718,24155,32563,9552,3872,5680,5892,2288,3604
Mid,2047,204707,000,State of Texas,87,87 yrs,164679,68831,95848,80052,34180,45872,17020,6348,10672,53476,22694,30782,8809,3477,5332,5322,2132,3190
Mid,2047,204707,000,State of Texas,88,88 yrs,139315,57209,82106,69062,29100,39962,14471,5304,9167,43704,18175,25529,7431,2837,4594,4647,1793,2854
Mid,2047,204707,000,State of Texas,89,89 yrs,126165,50877,75288,63329,26183,37146,12772,4596,8176,39383,16042,23341,6497,2434,4063,4184,1622,2562
Mid,2047,204707,000,State of Texas,90,90 yrs,108935,42887,66048,54861,22104,32757,10960,3832,7128,33822,13551,20271,5652,2057,3595,3640,1343,2297
Mid,2047,204707,000,State of Texas,91,91 yrs,93277,36294,56983,47226,18784,28442,9279,3224,6055,28893,11417,17476,4848,1746,3102,3031,1123,1908
Mid,2047,204707,000,State of Texas,92,92 yrs,81946,31381,50565,41968,16464,25504,8023,2696,5327,25205,9799,15406,4147,1471,2676,2603,951,1652
Mid,2047,204707,000,State of Texas,93,93 yrs,64970,24156,40814,33941,12905,21036,6160,2016,4144,19557,7374,12183,3258,1140,2118,2054,721,1333
Mid,2047,204707,000,State of Texas,94,94 yrs,53771,19750,34021,28252,10657,17595,5032,1613,3419,16084,5973,10111,2752,937,1815,1651,570,1081
Mid,2047,204707,000,State of Texas,95,95+ yrs,170591,59215,111376,92410,32950,59460,15445,4586,10859,49568,17381,32187,8254,2661,5593,4914,1637,3277
Mid,2048,204807,000,State of Texas,-1,All Ages,39502037,19557282,19944755,11657908,5797343,5860565,4935473,2354884,2580589,17961472,9010758,8950714,2994418,1429441,1564977,1952766,964856,987910
Mid,2048,204807,000,State of Texas,0,< 1 yr,401589,204811,196778,90826,46321,44505,46701,23818,22883,199043,101512,97531,20164,10284,9880,44855,22876,21979
Mid,2048,204807,000,State of Texas,1,1 yr,406334,207126,199208,91987,46913,45074,47314,24105,23209,202169,103032,99137,20787,10602,10185,44077,22474,21603
Mid,2048,204807,000,State of Texas,2,2 yrs,411870,209914,201956,93384,47634,45750,48065,24474,23591,205542,104718,100824,21444,10940,10504,43435,22148,21287
Mid,2048,204807,000,State of Texas,3,3 yrs,417347,212700,204647,94807,48370,46437,48836,24852,23984,208818,106383,102435,22069,11260,10809,42817,21835,20982
Mid,2048,204807,000,State of Texas,4,4 yrs,422603,215369,207234,96204,49091,47113,49607,25229,24378,211975,107993,103982,22625,11539,11086,42192,21517,20675
Mid,2048,204807,000,State of Texas,5,5 yrs,427852,218035,209817,97603,49811,47792,50351,25596,24755,215191,109637,105554,23140,11794,11346,41567,21197,20370
Mid,2048,204807,000,State of Texas,6,6 yrs,433023,220684,212339,98993,50527,48466,51081,25959,25122,218424,111309,107115,23592,12015,11577,40933,20874,20059
Mid,2048,204807,000,State of Texas,7,7 yrs,437985,223232,214753,100343,51219,49124,51791,26314,25477,221579,112951,108628,23985,12202,11783,40287,20546,19741
Mid,2048,204807,000,State of Texas,8,8 yrs,442881,225767,217114,101688,51912,49776,52484,26658,25826,224740,114614,110126,24342,12374,11968,39627,20209,19418
Mid,2048,204807,000,State of Texas,9,9 yrs,447563,228198,219365,102992,52577,50415,53148,26990,26158,227811,116242,111569,24669,12531,12138,38943,19858,19085
Mid,2048,204807,000,State of Texas,10,10 yrs,451958,230457,221501,104250,53212,51038,53777,27302,26475,230738,117778,112960,24968,12671,12297,38225,19494,18731
Mid,2048,204807,000,State of Texas,11,11 yrs,455887,232494,223393,105456,53824,51632,54365,27593,26772,233368,119167,114201,25233,12801,12432,37465,19109,18356
Mid,2048,204807,000,State of Texas,12,12 yrs,459159,234198,224961,106571,54392,52179,54886,27850,27036,235569,120339,115230,25475,12921,12554,36658,18696,17962
Mid,2048,204807,000,State of Texas,13,13 yrs,461907,235625,226282,107618,54916,52702,55374,28088,27286,237424,121332,116092,25674,13022,12652,35817,18267,17550
Mid,2048,204807,000,State of Texas,14,14 yrs,464156,236810,227346,108622,55424,53198,55821,28304,27517,238928,122155,116773,25840,13105,12735,34945,17822,17123
Mid,2048,204807,000,State of Texas,15,15 yrs,466035,237782,228253,109619,55917,53702,56239,28503,27736,240125,122820,117305,26006,13179,12827,34046,17363,16683
Mid,2048,204807,000,State of Texas,16,16 yrs,467792,238673,229119,110645,56420,54225,56699,28718,27981,241087,123365,117722,26222,13271,12951,33139,16899,16240
Mid,2048,204807,000,State of Texas,17,17 yrs,469514,239553,229961,111717,56939,54778,57167,28925,28242,241863,123855,118008,26544,13406,13138,32223,16428,15795
Mid,2048,204807,000,State of Texas,18,18 yrs,471447,240532,230915,112894,57506,55388,57705,29165,28540,242519,124288,118231,27006,13603,13403,31323,15970,15353
Mid,2048,204807,000,State of Texas,19,19 yrs,473371,241468,231903,114386,58261,56125,58452,29473,28979,242620,124445,118175,27523,13802,13721,30390,15487,14903
Mid,2048,204807,000,State of Texas,20,20 yrs,475328,242423,232905,115935,59036,56899,59176,29769,29407,242575,124531,118044,28169,14065,14104,29473,15022,14451
Mid,2048,204807,000,State of Texas,21,21 yrs,477197,243320,233877,117542,59835,57707,59893,30059,29834,242312,124492,117820,28893,14382,14511,28557,14552,14005
Mid,2048,204807,000,State of Texas,22,22 yrs,478916,244131,234785,119128,60626,58502,60548,30323,30225,241909,124362,117547,29680,14730,14950,27651,14090,13561
Mid,2048,204807,000,State of Texas,23,23 yrs,480944,245064,235880,120779,61461,59318,61203,30583,30620,241641,124265,117376,30559,15120,15439,26762,13635,13127
Mid,2048,204807,000,State of Texas,24,24 yrs,482847,245908,236939,122359,62260,60099,61823,30820,31003,241299,124126,117173,31479,15517,15962,25887,13185,12702
Mid,2048,204807,000,State of Texas,25,25 yrs,485134,246919,238215,123981,63075,60906,62452,31046,31406,241232,124149,117083,32443,15902,16541,25026,12747,12279
Mid,2048,204807,000,State of Texas,26,26 yrs,486325,247239,239086,125292,63730,61562,63594,31530,32064,240588,123736,116852,32776,15983,16793,24075,12260,11815
Mid,2048,204807,000,State of Texas,27,27 yrs,488142,248000,240142,126545,64356,62189,63863,31561,32302,240810,123959,116851,33731,16311,17420,23193,11813,11380
Mid,2048,204807,000,State of Texas,28,28 yrs,462330,234529,227801,118933,60603,58330,60946,29801,31145,221733,114168,107565,38526,18664,19862,22192,11293,10899
Mid,2048,204807,000,State of Texas,29,29 yrs,472686,239260,233426,123711,63075,60636,63020,30684,32336,224818,115585,109233,39549,18949,20600,21588,10967,10621
Mid,2048,204807,000,State of Texas,30,30 yrs,490930,248333,242597,127804,65073,62731,65858,32224,33634,233053,119869,113184,41720,19755,21965,22495,11412,11083
Mid,2048,204807,000,State of Texas,31,31 yrs,510713,258806,251907,134518,68531,65987,67401,32963,34438,242190,124744,117446,43750,20813,22937,22854,11755,11099
Mid,2048,204807,000,State of Texas,32,32 yrs,529680,268012,261668,141094,71854,69240,69644,33675,35969,251071,129570,121501,44548,21116,23432,23323,11797,11526
Mid,2048,204807,000,State of Texas,33,33 yrs,541173,274516,266657,143094,73172,69922,71396,34705,36691,256972,132914,124058,46009,21805,24204,23702,11920,11782
Mid,2048,204807,000,State of Texas,34,34 yrs,539739,273586,266153,143829,73492,70337,71223,34738,36485,256056,132204,123852,45792,21589,24203,22839,11563,11276
Mid,2048,204807,000,State of Texas,35,35 yrs,541235,273642,267593,144390,73243,71147,71233,34485,36748,255589,132018,123571,47219,22508,24711,22804,11388,11416
Mid,2048,204807,000,State of Texas,36,36 yrs,542306,274740,267566,143720,72923,70797,71520,34791,36729,257912,133685,124227,46756,21995,24761,22398,11346,11052
Mid,2048,204807,000,State of Texas,37,37 yrs,547299,277936,269363,145681,74522,71159,72196,35192,37004,260481,135042,125439,46752,21938,24814,22189,11242,10947
Mid,2048,204807,000,State of Texas,38,38 yrs,570430,289085,281345,149979,76779,73200,75066,36304,38762,274803,141882,132921,47277,22244,25033,23305,11876,11429
Mid,2048,204807,000,State of Texas,39,39 yrs,570590,289566,281024,150571,77004,73567,75224,36714,38510,274819,141981,132838,47172,22326,24846,22804,11541,11263
Mid,2048,204807,000,State of Texas,40,40 yrs,583497,295389,288108,153922,78545,75377,76689,37341,39348,281489,145050,136439,48205,22789,25416,23192,11664,11528
Mid,2048,204807,000,State of Texas,41,41 yrs,577962,292469,285493,153784,78612,75172,76253,37222,39031,278062,142777,135285,47080,22255,24825,22783,11603,11180
Mid,2048,204807,000,State of Texas,42,42 yrs,567509,287668,279841,152240,78131,74109,73767,35771,37996,272280,140454,131826,47074,22133,24941,22148,11179,10969
Mid,2048,204807,000,State of Texas,43,43 yrs,569605,289120,280485,153418,78714,74704,73462,35820,37642,273166,141252,131914,47598,22393,25205,21961,10941,11020
Mid,2048,204807,000,State of Texas,44,44 yrs,564687,286061,278626,154427,79063,75364,72518,35405,37113,268708,138299,130409,47401,22438,24963,21633,10856,10777
Mid,2048,204807,000,State of Texas,45,45 yrs,555836,281375,274461,152846,78419,74427,71346,34815,36531,264127,135728,128399,46930,22072,24858,20587,10341,10246
Mid,2048,204807,000,State of Texas,46,46 yrs,559469,283032,276437,154208,79121,75087,75679,36523,39156,260774,134398,126376,48296,22828,25468,20512,10162,10350
Mid,2048,204807,000,State of Texas,47,47 yrs,563401,282427,280974,160424,81523,78901,75813,36248,39565,256799,130803,125996,50055,23847,26208,20310,10006,10304
Mid,2048,204807,000,State of Texas,48,48 yrs,556374,280602,275772,163182,83458,79724,74986,35919,39067,250587,128202,122385,48505,23321,25184,19114,9702,9412
Mid,2048,204807,000,State of Texas,49,49 yrs,530322,267341,262981,157096,80285,76811,70536,33958,36578,237991,121513,116478,46755,22658,24097,17944,8927,9017
Mid,2048,204807,000,State of Texas,50,50 yrs,513175,259190,253985,152603,78118,74485,68042,32786,35256,228637,117005,111632,46451,22651,23800,17442,8630,8812
Mid,2048,204807,000,State of Texas,51,51 yrs,501879,253251,248628,152055,77798,74257,65773,31543,34230,221726,113554,108172,45780,22187,23593,16545,8169,8376
Mid,2048,204807,000,State of Texas,52,52 yrs,497384,249852,247532,152589,77702,74887,64865,31076,33789,217641,110677,106964,45227,22054,23173,17062,8343,8719
Mid,2048,204807,000,State of Texas,53,53 yrs,507932,255606,252326,157791,80687,77104,67204,31993,35211,221676,112919,108757,44644,21799,22845,16617,8208,8409
Mid,2048,204807,000,State of Texas,54,54 yrs,488121,243579,244542,153078,77921,75157,65243,31039,34204,209671,105459,104212,43839,21336,22503,16290,7824,8466
Mid,2048,204807,000,State of Texas,55,55 yrs,486999,242691,244308,154351,78556,75795,65629,31018,34611,206684,103778,102906,44156,21525,22631,16179,7814,8365
Mid,2048,204807,000,State of Texas,56,56 yrs,489687,243450,246237,159454,81093,78361,65737,30904,34833,204590,102513,102077,43876,21166,22710,16030,7774,8256
Mid,2048,204807,000,State of Texas,57,57 yrs,481087,238335,242752,160340,81342,78998,64316,30091,34225,196614,98206,98408,43518,20935,22583,16299,7761,8538
Mid,2048,204807,000,State of Texas,58,58 yrs,507010,251725,255285,170564,86509,84055,67414,31504,35910,207371,104113,103258,44849,21591,23258,16812,8008,8804
Mid,2048,204807,000,State of Texas,59,59 yrs,454938,223375,231563,156581,79238,77343,59839,27760,32079,179660,88427,91233,43110,20516,22594,15748,7434,8314
Mid,2048,204807,000,State of Texas,60,60 yrs,455236,223673,231563,157648,79495,78153,58693,26982,31711,181384,89929,91455,42178,20034,22144,15333,7233,8100
Mid,2048,204807,000,State of Texas,61,61 yrs,443408,216999,226409,155391,78088,77303,56119,26053,30066,175863,86299,89564,40833,19522,21311,15202,7037,8165
Mid,2048,204807,000,State of Texas,62,62 yrs,439694,214717,224977,155970,78278,77692,55414,25444,29970,172574,84520,88054,41088,19592,21496,14648,6883,7765
Mid,2048,204807,000,State of Texas,63,63 yrs,457253,224253,233000,161986,81701,80285,56769,26323,30446,181769,89303,92466,41820,20037,21783,14909,6889,8020
Mid,2048,204807,000,State of Texas,64,64 yrs,419617,203380,216237,149271,74706,74565,52015,23685,28330,164110,79508,84602,40042,18967,21075,14179,6514,7665
Mid,2048,204807,000,State of Texas,65,65 yrs,418633,202400,216233,149742,75014,74728,51910,23686,28224,163642,78584,85058,39075,18514,20561,14264,6602,7662
Mid,2048,204807,000,State of Texas,66,66 yrs,410816,197702,213114,146801,73130,73671,50043,22626,27417,162652,78132,84520,37563,17583,19980,13757,6231,7526
Mid,2048,204807,000,State of Texas,67,67 yrs,399359,191058,208301,143011,71140,71871,49525,22144,27381,157195,74809,82386,35720,16652,19068,13908,6313,7595
Mid,2048,204807,000,State of Texas,68,68 yrs,416482,200261,216221,146609,72622,73987,51581,23215,28366,169015,81741,87274,35689,16488,19201,13588,6195,7393
Mid,2048,204807,000,State of Texas,69,69 yrs,358700,170369,188331,128197,63366,64831,44556,19833,24723,140954,66529,74425,32418,14962,17456,12575,5679,6896
Mid,2048,204807,000,State of Texas,70,70 yrs,353892,166638,187254,126361,61720,64641,42161,18684,23477,142580,66703,75877,30596,14139,16457,12194,5392,6802
Mid,2048,204807,000,State of Texas,71,71 yrs,339790,159731,180059,120522,58768,61754,40047,17758,22289,137673,64203,73470,29864,13738,16126,11684,5264,6420
Mid,2048,204807,000,State of Texas,72,72 yrs,327946,153495,174451,116114,56671,59443,38173,16567,21606,133070,61791,71279,29510,13589,15921,11079,4877,6202
Mid,2048,204807,000,State of Texas,73,73 yrs,339568,159741,179827,121007,58677,62330,38418,17057,21361,139462,65402,74060,29466,13623,15843,11215,4982,6233
Mid,2048,204807,000,State of Texas,74,74 yrs,306649,142066,164583,110810,53284,57526,35499,15416,20083,123199,56499,66700,27068,12398,14670,10073,4469,5604
Mid,2048,204807,000,State of Texas,75,75 yrs,303718,139823,163895,111419,53281,58138,35403,15207,20196,120134,54813,65321,26327,11967,14360,10435,4555,5880
Mid,2048,204807,000,State of Texas,76,76 yrs,304152,139254,164898,116896,55605,61291,34613,14777,19836,117309,53020,64289,25132,11328,13804,10202,4524,5678
Mid,2048,204807,000,State of Texas,77,77 yrs,302951,138125,164826,122098,57723,64375,34619,14687,19932,112420,50593,61827,23492,10613,12879,10322,4509,5813
Mid,2048,204807,000,State of Texas,78,78 yrs,300701,137375,163326,121126,56966,64160,33239,13990,19249,113856,51986,61870,22621,10106,12515,9859,4327,5532
Mid,2048,204807,000,State of Texas,79,79 yrs,258846,116676,142170,105958,49313,56645,28336,11793,16543,95991,43056,52935,19896,8791,11105,8665,3723,4942
Mid,2048,204807,000,State of Texas,80,80 yrs,243058,108943,134115,98511,45707,52804,26965,11211,15754,91839,40850,50989,17734,7804,9930,8009,3371,4638
Mid,2048,204807,000,State of Texas,81,81 yrs,228674,101659,127015,94565,43269,51296,25580,10380,15200,85175,37986,47189,15762,6873,8889,7592,3151,4441
Mid,2048,204807,000,State of Texas,82,82 yrs,221061,97777,123284,92063,41772,50291,24839,9994,14845,81843,36449,45394,15029,6550,8479,7287,3012,4275
Mid,2048,204807,000,State of Texas,83,83 yrs,223730,98158,125572,97453,43784,53669,24593,9727,14866,80297,35544,44753,14065,6069,7996,7322,3034,4288
Mid,2048,204807,000,State of Texas,84,84 yrs,205300,88825,116475,92844,41081,51763,21946,8508,13438,70633,30912,39721,12851,5462,7389,7026,2862,4164
Mid,2048,204807,000,State of Texas,85,85 yrs,191423,81756,109667,88530,38744,49786,20307,7780,12527,64477,27762,36715,11468,4789,6679,6641,2681,3960
Mid,2048,204807,000,State of Texas,86,86 yrs,175794,74371,101423,83328,35997,47331,18404,6985,11419,58305,25001,33304,9699,4007,5692,6058,2381,3677
Mid,2048,204807,000,State of Texas,87,87 yrs,161353,67197,94156,77326,33021,44305,16999,6325,10674,52754,22231,30523,8829,3533,5296,5445,2087,3358
Mid,2048,204807,000,State of Texas,88,88 yrs,150666,62180,88486,72912,30731,42181,15517,5698,9819,49295,20684,28611,8070,3142,4928,4872,1925,2947
Mid,2048,204807,000,State of Texas,89,89 yrs,126228,51138,75090,62290,25889,36401,13071,4713,8358,39906,16395,23511,6745,2538,4207,4216,1603,2613
Mid,2048,204807,000,State of Texas,90,90 yrs,113107,44962,68145,56515,23030,33485,11421,4041,7380,35580,14305,21275,5836,2153,3683,3755,1433,2322
Mid,2048,204807,000,State of Texas,91,91 yrs,96540,37437,59103,48400,19205,29195,9694,3330,6364,30197,11932,18265,5019,1797,3222,3230,1173,2057
Mid,2048,204807,000,State of Texas,92,92 yrs,81627,31265,50362,41142,16107,25035,8110,2767,5343,25465,9916,15549,4252,1506,2746,2658,969,1689
Mid,2048,204807,000,State of Texas,93,93 yrs,70735,26648,44087,36068,13919,22149,6923,2284,4639,21903,8385,13518,3589,1251,2338,2252,809,1443
Mid,2048,204807,000,State of Texas,94,94 yrs,55263,20200,35063,28749,10746,18003,5245,1685,3560,16738,6210,10528,2779,955,1824,1752,604,1148
Mid,2048,204807,000,State of Texas,95,95+ yrs,178976,62049,116927,95832,34122,61710,16473,4910,11563,52564,18432,34132,8836,2841,5995,5271,1744,3527
Mid,2049,204907,000,State of Texas,-1,All Ages,39780447,19699094,20081353,11622202,5781379,5840823,4979091,2375729,2603362,18145926,9105667,9040259,3042746,1452083,1590663,1990482,984236,1006246
Mid,2049,204907,000,State of Texas,0,< 1 yr,400169,204086,196083,89883,45840,44043,46548,23739,22809,197964,100962,97002,20207,10306,9901,45567,23239,22328
Mid,2049,204907,000,State of Texas,1,1 yr,404826,206366,198460,91027,46423,44604,47158,24027,23131,200994,102439,98555,20866,10643,10223,44781,22834,21947
Mid,2049,204907,000,State of Texas,2,2 yrs,410253,209086,201167,92403,47135,45268,47899,24387,23512,204254,104062,100192,21563,11000,10563,44134,22502,21632
Mid,2049,204907,000,State of Texas,3,3 yrs,415632,211821,203811,93813,47863,45950,48666,24763,23903,207428,105674,101754,22218,11334,10884,43507,22187,21320
Mid,2049,204907,000,State of Texas,4,4 yrs,420915,214508,206407,95212,48584,46628,49428,25136,24292,210570,107278,103292,22818,11638,11180,42887,21872,21015
Mid,2049,204907,000,State of Texas,5,5 yrs,426104,217148,208956,96595,49298,47297,50174,25505,24669,213726,108892,104834,23344,11898,11446,42265,21555,20710
Mid,2049,204907,000,State of Texas,6,6 yrs,431296,219798,211498,97984,50012,47972,50906,25868,25038,216949,110555,106394,23817,12128,11689,41640,21235,20405
Mid,2049,204907,000,State of Texas,7,7 yrs,436428,222445,213983,99357,50720,48637,51621,26226,25395,220213,112260,107953,24232,12328,11904,41005,20911,20094
Mid,2049,204907,000,State of Texas,8,8 yrs,441365,224987,216378,100696,51404,49292,52316,26571,25745,223399,113928,109471,24597,12502,12095,40357,20582,19775
Mid,2049,204907,000,State of Texas,9,9 yrs,446252,227522,218730,102031,52088,49943,53001,26911,26090,226586,115612,110974,24936,12667,12269,39698,20244,19454
Mid,2049,204907,000,State of Texas,10,10 yrs,450929,229941,220988,103321,52744,50577,53654,27237,26417,229692,117250,112442,25246,12814,12432,39016,19896,19120
Mid,2049,204907,000,State of Texas,11,11 yrs,455279,232179,223100,104579,53377,51202,54278,27545,26733,232593,118775,113818,25534,12952,12582,38295,19530,18765
Mid,2049,204907,000,State of Texas,12,12 yrs,459170,234192,224978,105787,53989,51798,54858,27829,27029,235206,120152,115054,25783,13076,12707,37536,19146,18390
Mid,2049,204907,000,State of Texas,13,13 yrs,462408,235885,226523,106905,54558,52347,55379,28087,27292,237393,121321,116072,26004,13188,12816,36727,18731,17996
Mid,2049,204907,000,State of Texas,14,14 yrs,465179,237323,227856,107966,55087,52879,55869,28326,27543,239259,122323,116936,26197,13284,12913,35888,18303,17585
Mid,2049,204907,000,State of Texas,15,15 yrs,467531,238539,228992,109002,55605,53397,56337,28548,27789,240790,123158,117632,26390,13374,13016,35012,17854,17158
Mid,2049,204907,000,State of Texas,16,16 yrs,469695,239650,230045,110069,56127,53942,56816,28773,28043,242073,123880,118193,26620,13472,13148,34117,17398,16719
Mid,2049,204907,000,State of Texas,17,17 yrs,471854,240730,231124,111172,56660,54512,57347,29012,28335,243171,124510,118661,26955,13615,13340,33209,16933,16276
Mid,2049,204907,000,State of Texas,18,18 yrs,474030,241843,232187,112323,57218,55105,57904,29259,28645,244068,125084,118984,27433,13816,13617,32302,16466,15836
Mid,2049,204907,000,State of Texas,19,19 yrs,476368,242993,233375,113827,57970,55857,58712,29599,29113,244519,125421,119098,27940,14010,13930,31370,15993,15377
Mid,2049,204907,000,State of Texas,20,20 yrs,478583,244071,234512,115362,58740,56622,59505,29931,29574,244702,125620,119082,28580,14273,14307,30434,15507,14927
Mid,2049,204907,000,State of Texas,21,21 yrs,480691,245088,235603,116948,59534,57414,60236,30225,30011,244702,125710,118992,29288,14576,14712,29517,15043,14474
Mid,2049,204907,000,State of Texas,22,22 yrs,482681,246039,236642,118561,60341,58220,60969,30529,30440,244491,125678,118813,30063,14920,15143,28597,14571,14026
Mid,2049,204907,000,State of Texas,23,23 yrs,484505,246881,237624,120118,61124,58994,61620,30786,30834,244137,125549,118588,30937,15311,15626,27693,14111,13582
Mid,2049,204907,000,State of Texas,24,24 yrs,486727,247877,238850,121787,61969,59818,62304,31053,31251,243948,125485,118463,31872,15709,16163,26816,13661,13155
Mid,2049,204907,000,State of Texas,25,25 yrs,488894,248815,240079,123398,62778,60620,62949,31289,31660,243771,125444,118327,32831,16092,16739,25945,13212,12733
Mid,2049,204907,000,State of Texas,26,26 yrs,491434,249950,241484,125046,63605,61441,63609,31514,32095,243880,125598,118282,33817,16461,17356,25082,12772,12310
Mid,2049,204907,000,State of Texas,27,27 yrs,492768,250314,242454,126360,64256,62104,64811,32024,32787,243320,125238,118082,34142,16506,17636,24135,12290,11845
Mid,2049,204907,000,State of Texas,28,28 yrs,494544,251049,243495,127598,64877,62721,65060,32048,33012,243541,125459,118082,35092,16823,18269,23253,11842,11411
Mid,2049,204907,000,State of Texas,29,29 yrs,468712,237588,231124,120024,61147,58877,62140,30287,31853,224466,115670,108796,39835,19164,20671,22247,11320,10927
Mid,2049,204907,000,State of Texas,30,30 yrs,478963,242309,236654,124801,63625,61176,64189,31171,33018,227523,117077,110446,40804,19441,21363,21646,10995,10651
Mid,2049,204907,000,State of Texas,31,31 yrs,497063,251356,245707,128887,65620,63267,67012,32705,34307,235687,121341,114346,42919,20248,22671,22558,11442,11116
Mid,2049,204907,000,State of Texas,32,32 yrs,516581,261711,254870,135585,69076,66509,68522,33440,35082,244655,126118,118537,44906,21292,23614,22913,11785,11128
Mid,2049,204907,000,State of Texas,33,33 yrs,535280,270772,264508,142163,72401,69762,70734,34144,36590,253348,130828,122520,45658,21576,24082,23377,11823,11554
Mid,2049,204907,000,State of Texas,34,34 yrs,546529,277125,269404,144142,73702,70440,72466,35162,37304,259098,134075,125023,47069,22242,24827,23754,11944,11810
Mid,2049,204907,000,State of Texas,35,35 yrs,544834,276048,268786,144852,74014,70838,72278,35184,37094,258031,133267,124764,46784,21994,24790,22889,11589,11300
Mid,2049,204907,000,State of Texas,36,36 yrs,545371,275853,269518,144869,73519,71350,71827,34774,37053,257523,133084,124439,48302,23067,25235,22850,11409,11441
Mid,2049,204907,000,State of Texas,37,37 yrs,546076,276725,269351,144165,73174,70991,72063,35053,37010,259641,134619,125022,47765,22513,25252,22442,11366,11076
Mid,2049,204907,000,State of Texas,38,38 yrs,550702,279705,270997,146083,74752,71331,72699,35429,37270,262017,135853,126164,47673,22410,25263,22230,11261,10969
Mid,2049,204907,000,State of Texas,39,39 yrs,573525,290638,282887,150349,76986,73363,75533,36524,39009,276192,142577,133615,48110,22660,25450,23341,11891,11450
Mid,2049,204907,000,State of Texas,40,40 yrs,573451,290967,282484,150920,77200,73720,75658,36915,38743,276096,142594,133502,47939,22704,25235,22838,11554,11284
Mid,2049,204907,000,State of Texas,41,41 yrs,586153,296669,289484,154241,78729,75512,77109,37534,39575,282651,145587,137064,48930,23144,25786,23222,11675,11547
Mid,2049,204907,000,State of Texas,42,42 yrs,580418,293631,286787,154084,78787,75297,76638,37401,39237,279110,143234,135876,47774,22595,25179,22812,11614,11198
Mid,2049,204907,000,State of Texas,43,43 yrs,569778,288739,281039,152509,78294,74215,74126,35939,38187,273237,140851,132386,47734,22468,25266,22172,11187,10985
Mid,2049,204907,000,State of Texas,44,44 yrs,571724,290140,281584,153657,78864,74793,73800,35981,37819,274046,141616,132430,48240,22732,25508,21981,10947,11034
Mid,2049,204907,000,State of Texas,45,45 yrs,566689,287041,279648,154649,79202,75447,72822,35553,37269,269536,138650,130886,48031,22775,25256,21651,10861,10790
Mid,2049,204907,000,State of Texas,46,46 yrs,557656,282261,275395,153028,78532,74496,71628,34947,36681,264872,136039,128833,47525,22398,25127,20603,10345,10258
Mid,2049,204907,000,State of Texas,47,47 yrs,561048,283782,277266,154357,79213,75144,75930,36641,39289,261391,134640,126751,48848,23127,25721,20522,10161,10361
Mid,2049,204907,000,State of Texas,48,48 yrs,564714,283005,281709,160527,81586,78941,76041,36348,39693,257273,130950,126323,50557,24117,26440,20316,10004,10312
Mid,2049,204907,000,State of Texas,49,49 yrs,557373,280985,276388,163219,83477,79742,75171,35997,39174,250922,128264,122658,48943,23549,25394,19118,9698,9420
Mid,2049,204907,000,State of Texas,50,50 yrs,531106,267602,263504,157097,80279,76818,70686,34013,36673,238247,121542,116705,47131,22847,24284,17945,8921,9024
Mid,2049,204907,000,State of Texas,51,51 yrs,513779,259362,254417,152557,78086,74471,68163,32823,35340,228821,117004,111817,46799,22827,23972,17439,8622,8817
Mid,2049,204907,000,State of Texas,52,52 yrs,502343,253337,249006,151972,77735,74237,65872,31564,34308,221839,113523,108316,46121,22355,23766,16539,8160,8379
Mid,2049,204907,000,State of Texas,53,53 yrs,497700,249840,247860,152459,77610,74849,64941,31080,33861,217681,110606,107075,45569,22214,23355,17050,8330,8720
Mid,2049,204907,000,State of Texas,54,54 yrs,508090,255477,252613,157602,80559,77043,67259,31982,35277,221641,112795,108846,44985,21948,23037,16603,8193,8410
Mid,2049,204907,000,State of Texas,55,55 yrs,488210,243401,244809,152854,77770,75084,65296,31023,34273,209605,105318,104287,44184,21483,22701,16271,7807,8464
Mid,2049,204907,000,State of Texas,56,56 yrs,486933,242416,244517,154062,78365,75697,65657,30987,34670,206561,103600,102961,44500,21671,22829,16153,7793,8360
Mid,2049,204907,000,State of Texas,57,57 yrs,489430,243050,246380,159089,80854,78235,65727,30851,34876,204404,102285,102119,44213,21312,22901,15997,7748,8249
Mid,2049,204907,000,State of Texas,58,58 yrs,480623,237825,242798,159892,81054,78838,64275,30024,34251,196359,97938,98421,43839,21078,22761,16258,7731,8527
Mid,2049,204907,000,State of Texas,59,59 yrs,506144,250981,255163,169988,86140,83848,67303,31397,35906,206942,103746,103196,45151,21727,23424,16760,7971,8789
Mid,2049,204907,000,State of Texas,60,60 yrs,454049,222643,231406,155987,78859,77128,59727,27655,32072,179237,88080,91157,43405,20654,22751,15693,7395,8298
Mid,2049,204907,000,State of Texas,61,61 yrs,454053,222769,231284,156961,79053,77908,58533,26852,31681,180831,89513,91318,42458,20162,22296,15270,7189,8081
Mid,2049,204907,000,State of Texas,62,62 yrs,441994,215960,226034,154627,77599,77028,55920,25895,30025,175229,85841,89388,41088,19636,21452,15130,6989,8141
Mid,2049,204907,000,State of Texas,63,63 yrs,437950,213484,224466,155081,77716,77365,55162,25256,29906,171846,84005,87841,41291,19676,21615,14570,6831,7739
Mid,2049,204907,000,State of Texas,64,64 yrs,454954,222674,232280,160912,81022,79890,56427,26081,30346,180846,88665,92181,41952,20076,21876,14817,6830,7987
Mid,2049,204907,000,State of Texas,65,65 yrs,417224,201774,215450,148176,74019,74157,51658,23439,28219,163191,78889,84302,40120,18976,21144,14079,6451,7628
Mid,2049,204907,000,State of Texas,66,66 yrs,415049,200096,214953,148266,74085,74181,51334,23326,28008,162390,77789,84601,38871,18346,20525,14188,6550,7638
Mid,2049,204907,000,State of Texas,67,67 yrs,406828,195186,211642,145195,72128,73067,49418,22242,27176,161243,77245,83998,37306,17400,19906,13666,6171,7495
Mid,2049,204907,000,State of Texas,68,68 yrs,395042,188385,206657,141300,70081,71219,48845,21733,27112,155682,73871,81811,35417,16458,18959,13798,6242,7556
Mid,2049,204907,000,State of Texas,69,69 yrs,411528,197204,214324,144711,71455,73256,50795,22746,28049,167206,80609,86597,35350,16276,19074,13466,6118,7348
Mid,2049,204907,000,State of Texas,70,70 yrs,354103,167569,186534,126397,62266,64131,43827,19404,24423,139348,65545,73803,32080,14752,17328,12451,5602,6849
Mid,2049,204907,000,State of Texas,71,71 yrs,348931,163657,185274,124426,60557,63869,41413,18248,23165,140794,65622,75172,30240,13920,16320,12058,5310,6748
Mid,2049,204907,000,State of Texas,72,72 yrs,334564,156621,177943,118501,57564,60937,39271,17310,21961,135781,63069,72712,29473,13502,15971,11538,5176,6362
Mid,2049,204907,000,State of Texas,73,73 yrs,322380,150224,172156,113969,55400,58569,37368,16116,21252,131045,60592,70453,29073,13329,15744,10925,4787,6138
Mid,2049,204907,000,State of Texas,74,74 yrs,333100,155975,177125,118519,57225,61294,37517,16548,20969,137064,63993,73071,28967,13331,15636,11033,4878,6155
Mid,2049,204907,000,State of Texas,75,75 yrs,300274,138434,161840,108314,51850,56464,34599,14922,19677,120905,55187,65718,26562,12107,14455,9894,4368,5526
Mid,2049,204907,000,State of Texas,76,76 yrs,296789,135925,160864,108672,51718,56954,34430,14682,19748,117681,53428,64253,25781,11658,14123,10225,4439,5786
Mid,2049,204907,000,State of Texas,77,77 yrs,296418,134955,161463,113689,53797,59892,33570,14219,19351,114649,51544,63105,24542,11000,13542,9968,4395,5573
Mid,2049,204907,000,State of Texas,78,78 yrs,294334,133402,160932,118362,55647,62715,33469,14081,19388,109583,49040,60543,22869,10270,12599,10051,4364,5687
Mid,2049,204907,000,State of Texas,79,79 yrs,291153,132204,158949,116989,54700,62289,32016,13359,18657,110641,50233,60408,21941,9741,12200,9566,4171,5395
Mid,2049,204907,000,State of Texas,80,80 yrs,249755,111850,137905,101945,47149,54796,27195,11215,15980,93008,41471,51537,19229,8440,10789,8378,3575,4803
Mid,2049,204907,000,State of Texas,81,81 yrs,233470,103920,129550,94315,43464,50851,25758,10606,15152,88631,39177,49454,17058,7452,9606,7708,3221,4487
Mid,2049,204907,000,State of Texas,82,82 yrs,218544,96439,122105,90045,40898,49147,24313,9764,14549,81839,36260,45579,15081,6525,8556,7266,2992,4274
Mid,2049,204907,000,State of Texas,83,83 yrs,210081,92158,117923,87133,39205,47928,23482,9343,14139,78240,34596,43644,14292,6174,8118,6934,2840,4094
Mid,2049,204907,000,State of Texas,84,84 yrs,211305,91873,119432,91647,40794,50853,23115,9034,14081,76331,33527,42804,13291,5679,7612,6921,2839,4082
Mid,2049,204907,000,State of Texas,85,85 yrs,192559,82483,110076,86698,37967,48731,20494,7843,12651,66711,28945,37766,12061,5071,6990,6595,2657,3938
Mid,2049,204907,000,State of Texas,86,86 yrs,178204,75274,102930,82048,35503,46545,18826,7113,11713,60455,25780,34675,10687,4410,6277,6188,2468,3720
Mid,2049,204907,000,State of Texas,87,87 yrs,162360,67879,94481,76620,32699,43921,16932,6333,10599,54241,23016,31225,8968,3658,5310,5599,2173,3426
Mid,2049,204907,000,State of Texas,88,88 yrs,147698,60733,86965,70462,29703,40759,15505,5680,9825,48651,20270,28381,8091,3194,4897,4989,1886,3103
Mid,2049,204907,000,State of Texas,89,89 yrs,136587,55618,80969,65797,27355,38442,14023,5067,8956,45020,18663,26357,7326,2811,4515,4421,1722,2699
Mid,2049,204907,000,State of Texas,90,90 yrs,113220,45218,68002,55616,22785,32831,11695,4146,7549,36063,14625,21438,6060,2245,3815,3786,1417,2369
Mid,2049,204907,000,State of Texas,91,91 yrs,100293,39273,61020,49887,20023,29864,10107,3514,6593,31778,12600,19178,5186,1883,3303,3335,1253,2082
Mid,2049,204907,000,State of Texas,92,92 yrs,84537,32270,52267,42193,16477,25716,8479,2861,5618,26627,10369,16258,4405,1551,2854,2833,1012,1821
Mid,2049,204907,000,State of Texas,93,93 yrs,70508,26567,43941,35384,13627,21757,7003,2345,4658,22140,8490,13650,3681,1281,2400,2300,824,1476
Mid,2049,204907,000,State of Texas,94,94 yrs,60201,22298,37903,30568,11598,18970,5897,1909,3988,18752,7064,11688,3063,1049,2014,1921,678,1243
Mid,2049,204907,000,State of Texas,95,95+ yrs,186900,64633,122267,98977,35113,63864,17469,5222,12247,55493,19446,36047,9321,2996,6325,5640,1856,3784
Mid,2050,205007,000,State of Texas,-1,All Ages,40054168,19838670,20215498,11586003,5765207,5820796,5022312,2396401,2625911,18326476,9198656,9127820,3090621,1474489,1616132,2028756,1003917,1024839
Mid,2050,205007,000,State of Texas,0,< 1 yr,398914,203446,195468,88967,45373,43594,46410,23669,22741,197019,100480,96539,20220,10312,9908,46298,23612,22686
Mid,2050,205007,000,State of Texas,1,1 yr,403437,205654,197783,90092,45948,44144,47014,23952,23062,199929,101892,98037,20913,10667,10246,45489,23195,22294
Mid,2050,205007,000,State of Texas,2,2 yrs,408754,208331,200423,91443,46645,44798,47750,24313,23437,203079,103469,99610,21645,11042,10603,44837,22862,21975
Mid,2050,205007,000,State of Texas,3,3 yrs,414024,211000,203024,92831,47364,45467,48505,24679,23826,206140,105019,101121,22341,11396,10945,44207,22542,21665
Mid,2050,205007,000,State of Texas,4,4 yrs,419207,213632,205575,94217,48077,46140,49263,25049,24214,209180,106569,102611,22971,11714,11257,43576,22223,21353
Mid,2050,205007,000,State of Texas,5,5 yrs,424422,216288,208134,95603,48791,46812,50000,25414,24586,212317,108174,104143,23542,11999,11543,42960,21910,21050
Mid,2050,205007,000,State of Texas,6,6 yrs,429554,218914,210640,96975,49499,47476,50733,25778,24955,215482,109810,105672,24026,12234,11792,42338,21593,20745
Mid,2050,205007,000,State of Texas,7,7 yrs,434703,221558,213145,98346,50204,48142,51450,26136,25314,218733,111503,107230,24461,12443,12018,41713,21272,20441
Mid,2050,205007,000,State of Texas,8,8 yrs,439812,224201,215611,99709,50905,48804,52150,26484,25666,222028,113234,108794,24848,12630,12218,41077,20948,20129
Mid,2050,205007,000,State of Texas,9,9 yrs,444739,226743,217996,101037,51579,49458,52835,26824,26011,225244,114926,110318,25194,12796,12398,40429,20618,19811
Mid,2050,205007,000,State of Texas,10,10 yrs,449617,229264,220353,102358,52254,50104,53509,27158,26351,228463,116619,111844,25516,12951,12565,39771,20282,19489
Mid,2050,205007,000,State of Texas,11,11 yrs,454257,231666,222591,103650,52909,50741,54158,27481,26677,231548,118247,113301,25815,13097,12718,39086,19932,19154
Mid,2050,205007,000,State of Texas,12,12 yrs,458566,233879,224687,104909,53541,51368,54772,27782,26990,234429,119759,114670,26090,13230,12860,38366,19567,18799
Mid,2050,205007,000,State of Texas,13,13 yrs,462423,235882,226541,106119,54154,51965,55354,28068,27286,237029,121134,115895,26316,13345,12971,37605,19181,18424
Mid,2050,205007,000,State of Texas,14,14 yrs,465685,237585,228100,107252,54728,52524,55876,28325,27551,239229,122313,116916,26530,13452,13078,36798,18767,18031
Mid,2050,205007,000,State of Texas,15,15 yrs,468571,239066,229505,108345,55267,53078,56387,28570,27817,241133,123339,117794,26750,13554,13196,35956,18336,17620
Mid,2050,205007,000,State of Texas,16,16 yrs,471201,240411,230790,109453,55815,53638,56918,28819,28099,242740,124219,118521,27007,13669,13338,35083,17889,17194
Mid,2050,205007,000,State of Texas,17,17 yrs,473770,241714,232056,110596,56367,54229,57470,29070,28400,244159,125026,119133,27358,13819,13539,34187,17432,16755
Mid,2050,205007,000,State of Texas,18,18 yrs,476396,243026,233370,111778,56939,54839,58091,29349,28742,245391,125740,119651,27848,14027,13821,33288,16971,16317
Mid,2050,205007,000,State of Texas,19,19 yrs,478973,244319,234654,113253,57681,55572,58919,29696,29223,246082,126230,119852,28370,14224,14146,32349,16488,15861
Mid,2050,205007,000,State of Texas,20,20 yrs,481595,245601,235994,114801,58448,56353,59773,30060,29713,246603,126596,120007,29003,14483,14520,31415,16014,15401
Mid,2050,205007,000,State of Texas,21,21 yrs,483961,246745,237216,116372,59237,57135,60578,30394,30184,246831,126800,120031,29703,14786,14917,30477,15528,14949
Mid,2050,205007,000,State of Texas,22,22 yrs,486187,247811,238376,117965,60039,57926,61321,30699,30622,246881,126896,119985,30462,15116,15346,29558,15061,14497
Mid,2050,205007,000,State of Texas,23,23 yrs,488282,248792,239490,119549,60838,58711,62050,30996,31054,246720,126865,119855,31324,15501,15823,28639,14592,14047
Mid,2050,205007,000,State of Texas,24,24 yrs,490313,249697,240616,121123,61630,59493,62731,31260,31471,246457,126769,119688,32254,15900,16354,27748,14138,13610
Mid,2050,205007,000,State of Texas,25,25 yrs,492788,250791,241997,122825,62486,60339,63445,31530,31915,246419,126803,119616,33228,16285,16943,26871,13687,13184
Mid,2050,205007,000,State of Texas,26,26 yrs,495207,251849,243358,124461,63307,61154,64118,31761,32357,246417,126891,119526,34210,16653,17557,26001,13237,12764
Mid,2050,205007,000,State of Texas,27,27 yrs,497873,253025,244848,126123,64135,61988,64792,31992,32800,246615,127105,119510,35200,16991,18209,25143,12802,12341
Mid,2050,205007,000,State of Texas,28,28 yrs,499236,253398,245838,127431,64786,62645,66038,32523,33515,246064,126750,119314,35508,17020,18488,24195,12319,11876
Mid,2050,205007,000,State of Texas,29,29 yrs,500909,254103,246806,128648,65401,63247,66277,32544,33733,246274,126965,119309,36401,17323,19078,23309,11870,11439
Mid,2050,205007,000,State of Texas,30,30 yrs,474983,240635,234348,121109,61695,59414,63318,30778,32540,227159,117157,110002,41092,19657,21435,22305,11348,10957
Mid,2050,205007,000,State of Texas,31,31 yrs,485076,245326,239750,125876,64172,61704,65342,31652,33690,230147,118544,111603,42002,19933,22069,21709,11025,10684
Mid,2050,205007,000,State of Texas,32,32 yrs,502917,254254,248663,129942,66159,63783,68147,33189,34958,238143,122710,115433,44070,20725,23345,22615,11471,11144
Mid,2050,205007,000,State of Texas,33,33 yrs,522163,264464,257699,136632,69612,67020,69619,33913,35706,246921,127372,119549,46023,21755,24268,22968,11812,11156
Mid,2050,205007,000,State of Texas,34,34 yrs,540646,273393,267253,143214,72937,70277,71810,34605,37205,255471,131988,123483,46722,22016,24706,23429,11847,11582
Mid,2050,205007,000,State of Texas,35,35 yrs,551668,279604,272064,145170,74222,70948,73535,35612,37923,261084,135149,125935,48072,22650,25422,23807,11971,11836
Mid,2050,205007,000,State of Texas,36,36 yrs,548986,278268,270718,145333,74291,71042,72883,35480,37403,259963,134332,125631,47871,22554,25317,22936,11611,11325
Mid,2050,205007,000,State of Texas,37,37 yrs,549167,277852,271315,145322,73777,71545,72380,35039,37341,259247,134014,125233,49324,23593,25731,22894,11429,11465
Mid,2050,205007,000,State of Texas,38,38 yrs,549499,278500,270999,144575,73405,71170,72574,35296,37278,261169,135426,125743,48697,22989,25708,22484,11384,11100
Mid,2050,205007,000,State of Texas,39,39 yrs,553820,281278,272542,146459,74966,71493,73174,35655,37519,263403,136547,126856,48516,22833,25683,22268,11277,10991
Mid,2050,205007,000,State of Texas,40,40 yrs,576392,292041,284351,150691,77178,73513,75974,36728,39246,277468,143189,134279,48884,23042,25842,23375,11904,11471
Mid,2050,205007,000,State of Texas,41,41 yrs,576099,292247,283852,151240,77387,73853,76075,37107,38968,277254,143130,134124,48662,23058,25604,22868,11565,11303
Mid,2050,205007,000,State of Texas,42,42 yrs,588630,297844,290786,154539,78903,75636,77504,37719,39785,283706,146049,137657,49632,23488,26144,23249,11685,11564
Mid,2050,205007,000,State of Texas,43,43 yrs,582719,294721,287998,154352,78950,75402,77011,37578,39433,280079,143637,136442,48439,22932,25507,22838,11624,11214
Mid,2050,205007,000,State of Texas,44,44 yrs,571943,289780,282163,152757,78445,74312,74477,36108,38369,274136,141225,132911,48380,22808,25572,22193,11194,10999
Mid,2050,205007,000,State of Texas,45,45 yrs,573735,291125,282610,153873,78999,74874,74111,36134,37977,274880,141970,132910,48871,23070,25801,22000,10952,11048
Mid,2050,205007,000,State of Texas,46,46 yrs,568533,287943,280590,154837,79322,75515,73107,35686,37421,270290,138965,131325,48632,23105,25527,21667,10865,10802
Mid,2050,205007,000,State of Texas,47,47 yrs,559236,283014,276222,153171,78621,74550,71884,35066,36818,265486,136282,129204,48081,22700,25381,20614,10345,10269
Mid,2050,205007,000,State of Texas,48,48 yrs,562348,284359,277989,154459,79277,75182,76146,36735,39411,261870,134794,127076,49345,23394,25951,20528,10159,10369
Mid,2050,205007,000,State of Texas,49,49 yrs,565752,283412,282340,160580,81619,78961,76232,36426,39806,257618,131016,126602,51003,24351,26652,20319,10000,10319
Mid,2050,205007,000,State of Texas,50,50 yrs,558176,281261,276915,163222,83475,79747,75326,36056,39270,251184,128295,122889,49326,23744,25582,19118,9691,9427
Mid,2050,205007,000,State of Texas,51,51 yrs,531711,267771,263940,157045,80243,76802,70808,34051,36757,238433,121540,116893,47482,23024,24458,17943,8913,9030
Mid,2050,205007,000,State of Texas,52,52 yrs,514249,259454,254795,152481,78031,74450,68261,32843,35418,228935,116972,111963,47141,22996,24145,17431,8612,8819
Mid,2050,205007,000,State of Texas,53,53 yrs,502689,253348,249341,151851,77650,74201,65953,31572,34381,221890,113461,108429,46464,22516,23948,16531,8149,8382
Mid,2050,205007,000,State of Texas,54,54 yrs,497935,249760,248175,152300,77499,74801,65006,31074,33932,217678,110505,107173,45916,22367,23549,17035,8315,8720
Mid,2050,205007,000,State of Texas,55,55 yrs,508138,255268,252870,157371,80401,76970,67299,31959,35340,221553,112639,108914,45332,22094,23238,16583,8175,8408
Mid,2050,205007,000,State of Texas,56,56 yrs,488185,243139,245046,152583,77589,74994,65329,30993,34336,209489,105136,104353,44537,21634,22903,16247,7787,8460
Mid,2050,205007,000,State of Texas,57,57 yrs,486706,242035,244671,153722,78145,75577,65656,30939,34717,206372,103367,103005,44835,21816,23019,16121,7768,8353
Mid,2050,205007,000,State of Texas,58,58 yrs,488962,242525,246437,158657,80573,78084,65684,30781,34903,204130,102000,102130,44532,21452,23080,15959,7719,8240
Mid,2050,205007,000,State of Texas,59,59 yrs,479946,237198,242748,159381,80730,78651,64203,29940,34263,196004,97612,98392,44148,21219,22929,16210,7697,8513
Mid,2050,205007,000,State of Texas,60,60 yrs,505051,250100,254951,169337,85722,83615,67160,31271,35889,206411,103317,103094,45443,21861,23582,16700,7929,8771
Mid,2050,205007,000,State of Texas,61,61 yrs,452940,221788,231152,155322,78433,76889,59582,27530,32052,178715,87688,91027,43691,20786,22905,15630,7351,8279
Mid,2050,205007,000,State of Texas,62,62 yrs,452631,221720,230911,156194,78563,77631,58333,26695,31638,180190,89043,91147,42713,20278,22435,15201,7141,8060
Mid,2050,205007,000,State of Texas,63,63 yrs,440292,214744,225548,153764,77050,76714,55679,25712,29967,174501,85322,89179,41299,19724,21575,15049,6936,8113
Mid,2050,205007,000,State of Texas,64,64 yrs,435875,212053,223822,154084,77087,76997,54860,25040,29820,171013,83429,87584,41436,19723,21713,14482,6774,7708
Mid,2050,205007,000,State of Texas,65,65 yrs,452307,220890,231417,159727,80274,79453,56032,25808,30224,179811,87964,91847,42021,20078,21943,14716,6766,7950
Mid,2050,205007,000,State of Texas,66,66 yrs,413683,199503,214180,146723,73109,73614,51101,23092,28009,161946,78097,83849,39909,18805,21104,14004,6400,7604
Mid,2050,205007,000,State of Texas,67,67 yrs,411059,197577,213482,146664,73084,73580,50701,22934,27767,160992,76914,84078,38607,18157,20450,14095,6488,7607
Mid,2050,205007,000,State of Texas,68,68 yrs,402485,192485,210000,143472,71061,72411,48752,21836,26916,159703,76283,83420,36994,17200,19794,13564,6105,7459
Mid,2050,205007,000,State of Texas,69,69 yrs,390421,185548,204873,139487,68964,70523,48120,21303,26817,154051,72867,81184,35088,16249,18839,13675,6165,7510
Mid,2050,205007,000,State of Texas,70,70 yrs,406231,193965,212266,142686,70218,72468,49966,22258,27708,165269,79408,85861,34978,16046,18932,13332,6035,7297
Mid,2050,205007,000,State of Texas,71,71 yrs,349168,164593,184575,124471,61100,63371,43059,18957,24102,137615,64493,73122,31709,14525,17184,12314,5518,6796
Mid,2050,205007,000,State of Texas,72,72 yrs,343600,160497,183103,122356,59327,63029,40622,17795,22827,138864,64469,74395,29849,13684,16165,11909,5222,6687
Mid,2050,205007,000,State of Texas,73,73 yrs,328928,153313,175615,116332,56285,60047,38450,16844,21606,133728,61858,71870,29042,13246,15796,11376,5080,6296
Mid,2050,205007,000,State of Texas,74,74 yrs,316315,146716,169599,111643,54041,57602,36508,15641,20867,128825,59300,69525,28588,13046,15542,10751,4688,6063
Mid,2050,205007,000,State of Texas,75,75 yrs,326197,152006,174191,115868,55695,60173,36571,16022,20549,134500,62506,71994,28424,13017,15407,10834,4766,6068
Mid,2050,205007,000,State of Texas,76,76 yrs,293483,134609,158874,105659,50339,55320,33657,14411,19246,118455,53804,64651,26013,11796,14217,9699,4259,5440
Mid,2050,205007,000,State of Texas,77,77 yrs,289307,131766,157541,105707,50047,55660,33400,14132,19268,115028,51951,63077,25178,11322,13856,9994,4314,5680
Mid,2050,205007,000,State of Texas,78,78 yrs,288070,130380,157690,110232,51872,58360,32462,13636,18826,111771,49971,61800,23894,10646,13248,9711,4255,5456
Mid,2050,205007,000,State of Texas,79,79 yrs,285058,128405,156653,114346,53446,60900,32251,13452,18799,106520,47397,59123,22187,9902,12285,9754,4208,5546
Mid,2050,205007,000,State of Texas,80,80 yrs,280951,126752,154199,112575,52308,60267,30734,12708,18026,107192,48381,58811,21202,9350,11852,9248,4005,5243
Mid,2050,205007,000,State of Texas,81,81 yrs,239951,106723,133228,97629,44850,52779,25987,10614,15373,89773,39782,49991,18497,8061,10436,8065,3416,4649
Mid,2050,205007,000,State of Texas,82,82 yrs,223189,98614,124575,89826,41095,48731,24488,9982,14506,85171,37401,47770,16323,7076,9247,7381,3060,4321
Mid,2050,205007,000,State of Texas,83,83 yrs,207750,90923,116827,85249,38397,46852,22992,9131,13861,78248,34421,43827,14346,6152,8194,6915,2822,4093
Mid,2050,205007,000,State of Texas,84,84 yrs,198517,86307,112210,81974,36544,45430,22078,8681,13397,74396,32642,41754,13510,5780,7730,6559,2660,3899
Mid,2050,205007,000,State of Texas,85,85 yrs,198271,85357,112914,85606,37717,47889,21590,8331,13259,72100,31398,40702,12476,5274,7202,6499,2637,3862
Mid,2050,205007,000,State of Texas,86,86 yrs,179334,75982,103352,80380,34806,45574,19009,7175,11834,62559,26884,35675,11239,4670,6569,6147,2447,3700
Mid,2050,205007,000,State of Texas,87,87 yrs,164677,68743,95934,75478,32268,43210,17329,6453,10876,56261,23740,32521,9885,4028,5857,5724,2254,3470
Mid,2050,205007,000,State of Texas,88,88 yrs,148695,61385,87310,69856,29429,40427,15451,5690,9761,50034,20993,29041,8222,3308,4914,5132,1965,3167
Mid,2050,205007,000,State of Texas,89,89 yrs,133963,54349,79614,63620,26456,37164,14019,5053,8966,44448,18294,26154,7347,2859,4488,4529,1687,2842
Mid,2050,205007,000,State of Texas,90,90 yrs,122575,49210,73365,58777,24087,34690,12551,4459,8092,40691,16652,24039,6584,2488,4096,3972,1524,2448
Mid,2050,205007,000,State of Texas,91,91 yrs,100447,39520,60927,49118,19821,29297,10356,3608,6748,32223,12888,19335,5386,1964,3422,3364,1239,2125
Mid,2050,205007,000,State of Texas,92,92 yrs,87870,33872,53998,43513,17191,26322,8844,3020,5824,28034,10954,17080,4554,1626,2928,2925,1081,1844
Mid,2050,205007,000,State of Texas,93,93 yrs,73072,27437,45635,36314,13947,22367,7327,2427,4900,23162,8882,14280,3816,1320,2496,2453,861,1592
Mid,2050,205007,000,State of Texas,94,94 yrs,60054,22245,37809,30013,11362,18651,5968,1961,4007,18967,7157,11810,3143,1074,2069,1963,691,1272
Mid,2050,205007,000,State of Texas,95,95+ yrs,197366,68383,128983,103026,36592,66434,18808,5650,13158,59512,20941,38571,9943,3194,6749,6077,2006,4071
Mid,2051,205107,000,State of Texas,-1,All Ages,40323615,19976203,20347412,11549442,5748872,5800570,5065200,2416925,2648275,18503366,9289846,9213520,3137977,1496639,1641338,2067630,1023921,1043709
Mid,2051,205107,000,State of Texas,0,< 1 yr,397870,202914,194956,88102,44932,43170,46292,23609,22683,196227,100076,96151,20197,10300,9897,47052,23997,23055
Mid,2051,205107,000,State of Texas,1,1 yr,402203,205023,197180,89183,45483,43700,46884,23886,22998,198988,101412,97576,20930,10675,10255,46218,23567,22651
Mid,2051,205107,000,State of Texas,2,2 yrs,407379,207626,199753,90509,46170,44339,47611,24240,23371,202016,102924,99092,21698,11069,10629,45545,23223,22322
Mid,2051,205107,000,State of Texas,3,3 yrs,412535,210248,202287,91871,46873,44998,48363,24608,23755,204964,104425,100539,22427,11440,10987,44910,22902,22008
Mid,2051,205107,000,State of Texas,4,4 yrs,417605,212814,204791,93234,47577,45657,49107,24968,24139,207890,105913,101977,23098,11778,11320,44276,22578,21698
Mid,2051,205107,000,State of Texas,5,5 yrs,422714,215413,207301,94605,48282,46323,49839,25329,24510,210923,107464,103459,23698,12077,11621,43649,22261,21388
Mid,2051,205107,000,State of Texas,6,6 yrs,427877,218056,209821,95982,48991,46991,50563,25689,24874,214071,109091,104980,24226,12336,11890,43035,21949,21086
Mid,2051,205107,000,State of Texas,7,7 yrs,432965,220676,212289,97336,49691,47645,51282,26048,25234,217263,110756,106507,24672,12550,12122,42412,21631,20781
Mid,2051,205107,000,State of Texas,8,8 yrs,438090,223316,214774,98695,50387,48308,51982,26396,25586,220547,112477,108070,25081,12747,12334,41785,21309,20476
Mid,2051,205107,000,State of Texas,9,9 yrs,443189,225958,217231,100050,51080,48970,52671,26738,25933,223871,114231,109640,25448,12925,12523,41149,20984,20165
Mid,2051,205107,000,State of Texas,10,10 yrs,448109,228489,219620,101362,51744,49618,53347,27073,26274,227120,115933,111187,25778,13083,12695,40502,20656,19846
Mid,2051,205107,000,State of Texas,11,11 yrs,452946,230990,221956,102683,52417,50266,54016,27404,26612,230317,117615,112702,26089,13236,12853,39841,20318,19523
Mid,2051,205107,000,State of Texas,12,12 yrs,457548,233369,224179,103979,53073,50906,54656,27720,26936,233383,119231,114152,26373,13376,12997,39157,19969,19188
Mid,2051,205107,000,State of Texas,13,13 yrs,461823,235570,226253,105241,53706,51535,55270,28021,27249,236252,120741,115511,26625,13500,13125,38435,19602,18833
Mid,2051,205107,000,State of Texas,14,14 yrs,465706,237584,228122,106465,54324,52141,55854,28307,27547,238865,122126,116739,26846,13610,13236,37676,19217,18459
Mid,2051,205107,000,State of Texas,15,15 yrs,469085,239333,229752,107629,54907,52722,56400,28573,27827,241104,123329,117775,27086,13724,13362,36866,18800,18066
Mid,2051,205107,000,State of Texas,16,16 yrs,472249,240940,231309,108795,55476,53319,56972,28842,28130,243084,124400,118684,27371,13851,13520,36027,18371,17656
Mid,2051,205107,000,State of Texas,17,17 yrs,475291,242483,232808,109984,56060,53924,57575,29116,28459,244829,125366,119463,27749,14018,13731,35154,17923,17231
Mid,2051,205107,000,State of Texas,18,18 yrs,478326,244017,234309,111203,56647,54556,58222,29410,28812,246380,126257,120123,28254,14232,14022,34267,17471,16796
Mid,2051,205107,000,State of Texas,19,19 yrs,481348,245505,235843,112705,57400,55305,59113,29789,29324,247405,126886,120519,28790,14437,14353,33335,16993,16342
Mid,2051,205107,000,State of Texas,20,20 yrs,484212,246936,237276,114223,58157,56066,59991,30164,29827,248168,127406,120762,29436,14699,14737,32394,16510,15884
Mid,2051,205107,000,State of Texas,21,21 yrs,486999,248291,238708,115808,58943,56865,60856,30527,30329,248747,127790,120957,30130,14997,15133,31458,16034,15424
Mid,2051,205107,000,State of Texas,22,22 yrs,489469,249472,239997,117387,59741,57646,61673,30872,30801,249009,127985,121024,30881,15327,15554,30519,15547,14972
Mid,2051,205107,000,State of Texas,23,23 yrs,491812,250579,241233,118957,60541,58416,62416,31174,31242,249110,128082,121028,31729,15700,16029,29600,15082,14518
Mid,2051,205107,000,State of Texas,24,24 yrs,494099,251612,242487,120551,61343,59208,63171,31474,31697,249038,128084,120954,32645,16092,16553,28694,14619,14075
Mid,2051,205107,000,State of Texas,25,25 yrs,496389,252617,243772,122159,62146,60013,63883,31742,32141,248928,128087,120841,33614,16477,17137,27805,14165,13640
Mid,2051,205107,000,State of Texas,26,26 yrs,499116,253831,245285,123886,63014,60872,64629,32010,32619,249064,128249,120815,34611,16847,17764,26926,13711,13215
Mid,2051,205107,000,State of Texas,27,27 yrs,501671,254937,246734,125543,63843,61700,65314,32243,33071,249150,128397,120753,35600,17186,18414,26064,13268,12796
Mid,2051,205107,000,State of Texas,28,28 yrs,504336,256107,248229,127203,64669,62534,65985,32475,33510,249362,128622,120740,36583,17510,19073,25203,12831,12372
Mid,2051,205107,000,State of Texas,29,29 yrs,505658,256475,249183,128499,65318,63181,67285,33031,34254,248798,128256,120542,36823,17522,19301,24253,12348,11905
Mid,2051,205107,000,State of Texas,30,30 yrs,507166,257145,250021,129691,65927,63764,67481,33045,34436,248968,128458,120510,37658,17816,19842,23368,11899,11469
Mid,2051,205107,000,State of Texas,31,31 yrs,481084,243646,237438,122177,62238,59939,64478,31262,33216,229770,118618,111152,42291,20150,22141,22368,11378,10990
Mid,2051,205107,000,State of Texas,32,32 yrs,490907,248213,242694,126918,64704,62214,66476,32136,34340,232594,119909,112685,43151,20409,22742,21768,11055,10713
Mid,2051,205107,000,State of Texas,33,33 yrs,508503,257002,251501,130976,66689,64287,69262,33669,35593,240413,123960,116453,45182,21186,23996,22670,11498,11172
Mid,2051,205107,000,State of Texas,34,34 yrs,527510,267075,260435,137659,70136,67523,70701,34377,36324,249034,128527,120507,47094,22198,24896,23022,11837,11185
Mid,2051,205107,000,State of Texas,35,35 yrs,545795,275884,269911,144246,73463,70783,72885,35059,37826,257455,133062,124393,47728,22427,25301,23481,11873,11608
Mid,2051,205107,000,State of Texas,36,36 yrs,555849,281845,274004,145652,74500,71152,74148,35911,38237,263028,136225,126803,49166,23215,25951,23855,11994,11861
Mid,2051,205107,000,State of Texas,37,37 yrs,552799,280277,272522,145787,74549,71238,73448,35752,37696,261687,135263,126424,48894,23080,25814,22983,11633,11350
Mid,2051,205107,000,State of Texas,38,38 yrs,552619,279634,272985,145731,74007,71724,72898,35285,37613,260785,134818,125967,50268,24076,26192,22937,11448,11489
Mid,2051,205107,000,State of Texas,39,39 yrs,552623,280074,272549,144951,73619,71332,73057,35523,37534,262546,136116,126430,49547,23415,26132,22522,11401,11121
Mid,2051,205107,000,State of Texas,40,40 yrs,556696,282686,274010,146800,75157,71643,73619,35860,37759,264677,137159,127518,49297,23219,26078,22303,11291,11012
Mid,2051,205107,000,State of Texas,41,41 yrs,579065,293335,285730,151005,77361,73644,76390,36919,39471,278653,143740,134913,49611,23399,26212,23406,11916,11490
Mid,2051,205107,000,State of Texas,42,42 yrs,578572,293419,285153,151533,77557,73976,76474,37294,39180,278306,143591,134715,49361,23400,25961,22898,11577,11321
Mid,2051,205107,000,State of Texas,43,43 yrs,590953,298944,292009,154806,79066,75740,77886,37898,39988,284681,146455,138226,50305,23830,26475,23275,11695,11580
Mid,2051,205107,000,State of Texas,44,44 yrs,584927,295789,289138,154600,79101,75499,77374,37751,39623,281004,144031,136973,49089,23275,25814,22860,11631,11229
Mid,2051,205107,000,State of Texas,45,45 yrs,574020,290798,283222,152975,78581,74394,74804,36269,38535,275016,141602,133414,49013,23147,25866,22212,11199,11013
Mid,2051,205107,000,State of Texas,46,46 yrs,575589,292032,283557,154057,79116,74941,74402,36272,38130,275641,142287,133354,49473,23400,26073,22016,10957,11059
Mid,2051,205107,000,State of Texas,47,47 yrs,570136,288712,281424,154985,79417,75568,73368,35809,37559,270912,139210,131702,49194,23411,25783,21677,10865,10812
Mid,2051,205107,000,State of Texas,48,48 yrs,560545,283599,276946,153268,78682,74586,72110,35165,36945,265961,136437,129524,48586,22972,25614,20620,10343,10277
Mid,2051,205107,000,State of Texas,49,49 yrs,563355,284746,278609,154508,79306,75202,76325,36807,39518,262208,134856,127352,49784,23623,26161,20530,10154,10376
Mid,2051,205107,000,State of Texas,50,50 yrs,566597,283716,282881,160591,81623,78968,76396,36488,39908,257900,131062,126838,51392,24550,26842,20318,9993,10325
Mid,2051,205107,000,State of Texas,51,51 yrs,558825,281457,277368,163180,83443,79737,75454,36095,39359,251386,128306,123080,49691,23931,25760,19114,9682,9432
Mid,2051,205107,000,State of Texas,52,52 yrs,532191,267870,264321,156962,80184,76778,70909,34071,36838,238559,121518,117041,47825,23194,24631,17936,8903,9033
Mid,2051,205107,000,State of Texas,53,53 yrs,514623,259470,255153,152376,77955,74421,68345,32851,35494,228995,116907,112088,47486,23157,24329,17421,8600,8821
Mid,2051,205107,000,State of Texas,54,54 yrs,502929,253265,249664,151693,77539,74154,66024,31568,34456,221886,113356,108530,46808,22667,24141,16518,8135,8383
Mid,2051,205107,000,State of Texas,55,55 yrs,498058,249594,248464,152093,77360,74733,65060,31059,34001,217623,110361,107262,46268,22517,23751,17014,8297,8717
Mid,2051,205107,000,State of Texas,56,56 yrs,508056,254970,253086,157087,80214,76873,67318,31922,35396,221412,112438,108974,45682,22243,23439,16557,8153,8404
Mid,2051,205107,000,State of Texas,57,57 yrs,487995,242780,245215,152262,77379,74883,65330,30946,34384,209308,104909,104399,44879,21783,23096,16216,7763,8453
Mid,2051,205107,000,State of Texas,58,58 yrs,486277,241540,244737,153316,77884,75432,65622,30875,34747,206104,103087,103017,45153,21955,23198,16082,7739,8343
Mid,2051,205107,000,State of Texas,59,59 yrs,488289,241893,246396,158162,80256,77906,65612,30696,34916,203761,101665,102096,44841,21591,23250,15913,7685,8228
Mid,2051,205107,000,State of Texas,60,60 yrs,479050,236448,242602,158800,80359,78441,64096,29835,34261,195550,97236,98314,44450,21360,23090,16154,7658,8496
Mid,2051,205107,000,State of Texas,61,61 yrs,503705,249074,254631,168608,85253,83355,66978,31123,35855,205760,102826,102934,45725,21989,23736,16634,7883,8751
Mid,2051,205107,000,State of Texas,62,62 yrs,451598,220790,230808,154584,77959,76625,59397,27380,32017,178105,87243,90862,43952,20905,23047,15560,7303,8257
Mid,2051,205107,000,State of Texas,63,63 yrs,450917,220491,230426,155335,78013,77322,58092,26513,31579,179442,88509,90933,42925,20367,22558,15123,7089,8034
Mid,2051,205107,000,State of Texas,64,64 yrs,438269,213340,224929,152800,76442,76358,55387,25499,29888,173668,84743,88925,41455,19778,21677,14959,6878,8081
Mid,2051,205107,000,State of Texas,65,65 yrs,433458,210432,223026,152980,76400,76580,54504,24793,29711,170073,82793,87280,41517,19735,21782,14384,6711,7673
Mid,2051,205107,000,State of Texas,66,66 yrs,448473,218418,230055,158178,79301,78877,55426,25427,29999,178432,87079,91353,41799,19898,21901,14638,6713,7925
Mid,2051,205107,000,State of Texas,67,67 yrs,409745,197018,212727,145146,72128,73018,50482,22711,27771,160564,77225,83339,39638,18613,21025,13915,6341,7574
Mid,2051,205107,000,State of Texas,68,68 yrs,406708,194871,211837,144943,72017,72926,50023,22520,27503,159465,75965,83500,38288,17951,20337,13989,6418,7571
Mid,2051,205107,000,State of Texas,69,69 yrs,397830,189623,208207,141639,69935,71704,48038,21410,26628,158050,75260,82790,36653,16985,19668,13450,6033,7417
Mid,2051,205107,000,State of Texas,70,70 yrs,385488,182546,202942,137557,67785,69772,47353,20854,26499,152309,71800,80509,34728,16025,18703,13541,6082,7459
Mid,2051,205107,000,State of Texas,71,71 yrs,400563,190530,210033,140527,68914,71613,49092,21748,27344,163189,78125,85064,34571,15799,18772,13184,5944,7240
Mid,2051,205107,000,State of Texas,72,72 yrs,343876,161435,182441,122417,59866,62551,42246,18492,23754,135746,63369,72377,31303,14280,17023,12164,5428,6736
Mid,2051,205107,000,State of Texas,73,73 yrs,337855,157134,180721,120134,58020,62114,39783,17322,22461,136777,63238,73539,29418,13428,15990,11743,5126,6617
Mid,2051,205107,000,State of Texas,74,74 yrs,322785,149759,173026,113978,54916,59062,37574,16355,21219,131476,60546,70930,28562,12967,15595,11195,4975,6220
Mid,2051,205107,000,State of Texas,75,75 yrs,309846,143027,166819,109164,52608,56556,35604,15151,20453,126457,57942,68515,28059,12743,15316,10562,4583,5979
Mid,2051,205107,000,State of Texas,76,76 yrs,318845,147827,171018,113047,54082,58965,35580,15478,20102,131764,60938,70826,27835,12682,15153,10619,4647,5972
Mid,2051,205107,000,State of Texas,77,77 yrs,286146,130521,155625,102798,48723,54075,32658,13876,18782,115798,52323,63475,25409,11458,13951,9483,4141,5342
Mid,2051,205107,000,State of Texas,78,78 yrs,281224,127331,153893,102513,48266,54247,32306,13558,18748,112149,50370,61779,24517,10959,13558,9739,4178,5561
Mid,2051,205107,000,State of Texas,79,79 yrs,279082,125544,153538,106516,49835,56681,31292,13033,18259,108661,48305,60356,23185,10266,12919,9428,4105,5323
Mid,2051,205107,000,State of Texas,80,80 yrs,275142,123141,152001,110061,51126,58935,30969,12802,18167,103234,45664,57570,21446,9508,11938,9432,4041,5391
Mid,2051,205107,000,State of Texas,81,81 yrs,269949,120963,148986,107829,49770,58059,29373,12030,17343,103452,46407,57045,20395,8930,11465,8900,3826,5074
Mid,2051,205107,000,State of Texas,82,82 yrs,229435,101300,128135,93011,42418,50593,24716,9994,14722,86283,37988,48295,17702,7655,10047,7723,3245,4478
Mid,2051,205107,000,State of Texas,83,83 yrs,212232,93008,119224,85059,38594,46465,23164,9340,13824,81450,35512,45938,15531,6674,8857,7028,2888,4140
Mid,2051,205107,000,State of Texas,84,84 yrs,196379,85178,111201,80226,35803,44423,21627,8488,13139,74417,32482,41935,13566,5761,7805,6543,2644,3899
Mid,2051,205107,000,State of Texas,85,85 yrs,186368,80234,106134,76599,33803,42796,20632,8011,12621,70288,30578,39710,12685,5369,7316,6164,2473,3691
Mid,2051,205107,000,State of Texas,86,86 yrs,184730,78670,106060,79395,34591,44804,20031,7625,12406,67616,29166,38450,11628,4858,6770,6060,2430,3630
Mid,2051,205107,000,State of Texas,87,87 yrs,165795,69424,96371,73975,31648,42327,17506,6512,10994,58229,24763,33466,10397,4266,6131,5688,2235,3453
Mid,2051,205107,000,State of Texas,88,88 yrs,150902,62203,88699,68848,29058,39790,15825,5803,10022,51914,21658,30256,9066,3645,5421,5249,2039,3210
Mid,2051,205107,000,State of Texas,89,89 yrs,134937,54965,79972,63104,26224,36880,13978,5066,8912,45725,18953,26772,7468,2962,4506,4662,1760,2902
Mid,2051,205107,000,State of Texas,90,90 yrs,120292,48113,72179,56866,23309,33557,12556,4450,8106,40194,16329,23865,6604,2531,4073,4072,1494,2578
Mid,2051,205107,000,State of Texas,91,91 yrs,108804,43034,65770,51937,20965,30972,11119,3882,7237,36366,14678,21688,5852,2176,3676,3530,1333,2197
Mid,2051,205107,000,State of Texas,92,92 yrs,88056,34104,53952,42866,17026,25840,9068,3103,5965,28438,11209,17229,4730,1696,3034,2954,1070,1884
Mid,2051,205107,000,State of Texas,93,93 yrs,75995,28815,47180,37469,14560,22909,7647,2563,5084,24398,9387,15011,3948,1385,2563,2533,920,1613
Mid,2051,205107,000,State of Texas,94,94 yrs,62282,22989,39293,30822,11636,19186,6251,2032,4219,19853,7491,12362,3261,1108,2153,2095,722,1373
Mid,2051,205107,000,State of Texas,95,95+ yrs,205682,71312,134370,105835,37571,68264,19949,6034,13915,62928,22202,40726,10504,3370,7134,6466,2135,4331
Mid,2052,205207,000,State of Texas,-1,All Ages,40589090,20111793,20477297,11512709,5732416,5780293,5107758,2437304,2670454,18676659,9379293,9297366,3184818,1518522,1666296,2107146,1044258,1062888
Mid,2052,205207,000,State of Texas,0,< 1 yr,397079,202510,194569,87289,44517,42772,46192,23558,22634,195583,99747,95836,20168,10286,9882,47847,24402,23445
Mid,2052,205207,000,State of Texas,1,1 yr,401189,204510,196679,88320,45043,43277,46774,23830,22944,198210,101021,97189,20911,10664,10247,46974,23952,23022
Mid,2052,205207,000,State of Texas,2,2 yrs,406154,206998,199156,89599,45705,43894,47489,24177,23312,201074,102443,98631,21717,11078,10639,46275,23595,22680
Mid,2052,205207,000,State of Texas,3,3 yrs,411165,209543,201622,90937,46398,44539,48228,24536,23692,203900,103879,100021,22483,11468,11015,45617,23262,22355
Mid,2052,205207,000,State of Texas,4,4 yrs,416122,212064,204058,92273,47086,45187,48970,24898,24072,206712,105318,101394,23188,11824,11364,44979,22938,22041
Mid,2052,205207,000,State of Texas,5,5 yrs,421120,214599,206521,93622,47782,45840,49688,25250,24438,209630,106807,102823,23829,12143,11686,44351,22617,21734
Mid,2052,205207,000,State of Texas,6,6 yrs,426176,217184,208992,94983,48482,46501,50407,25606,24801,212675,108380,104295,24387,12416,11971,43724,22300,21424
Mid,2052,205207,000,State of Texas,7,7 yrs,431292,219821,211471,96342,49182,47160,51116,25961,25155,215849,110036,105813,24876,12655,12221,43109,21987,21122
Mid,2052,205207,000,State of Texas,8,8 yrs,436351,222433,213918,97683,49873,47810,51817,26309,25508,219073,111728,107345,25294,12855,12439,42484,21668,20816
Mid,2052,205207,000,State of Texas,9,9 yrs,441467,225073,216394,99033,50560,48473,52507,26652,25855,222386,113472,108914,25684,13044,12640,41857,21345,20512
Mid,2052,205207,000,State of Texas,10,10 yrs,446559,227704,218855,100373,51244,49129,53185,26988,26197,225744,115237,110507,26035,13213,12822,41222,21022,20200
Mid,2052,205207,000,State of Texas,11,11 yrs,451438,230214,221224,101685,51906,49779,53856,27319,26537,228971,116928,112043,26354,13369,12985,40572,20692,19880
Mid,2052,205207,000,State of Texas,12,12 yrs,456235,232690,223545,103009,52579,50430,54516,27643,26873,232149,118597,113552,26649,13516,13133,39912,20355,19557
Mid,2052,205207,000,State of Texas,13,13 yrs,460809,235062,225747,104309,53237,51072,55157,27960,27197,235205,120212,114993,26912,13649,13263,39226,20004,19222
Mid,2052,205207,000,State of Texas,14,14 yrs,465105,237272,227833,105585,53875,51710,55772,28261,27511,238086,121732,116354,27157,13766,13391,38505,19638,18867
Mid,2052,205207,000,State of Texas,15,15 yrs,469114,239336,229778,106842,54503,52339,56381,28557,27824,240738,123141,117597,27408,13885,13523,37745,19250,18495
Mid,2052,205207,000,State of Texas,16,16 yrs,472769,241211,231558,108077,55115,52962,56988,28847,28141,243055,124391,118664,27711,14023,13688,36938,18835,18103
Mid,2052,205207,000,State of Texas,17,17 yrs,476351,243019,233332,109326,55721,53605,57636,29142,28494,245173,125548,119625,28117,14202,13915,36099,18406,17693
Mid,2052,205207,000,State of Texas,18,18 yrs,479867,244790,235077,110595,56339,54256,58333,29458,28875,247052,126597,120455,28653,14434,14219,35234,17962,17272
Mid,2052,205207,000,State of Texas,19,19 yrs,483290,246503,236787,112131,57111,55020,59252,29853,29399,248394,127402,120992,29200,14644,14556,34313,17493,16820
Mid,2052,205207,000,State of Texas,20,20 yrs,486597,248122,238475,113673,57874,55799,60192,30259,29933,249492,128062,121430,29860,14912,14948,33380,17015,16365
Mid,2052,205207,000,State of Texas,21,21 yrs,489633,249637,239996,115235,58657,56578,61082,30634,30448,250311,128599,121712,30568,15217,15351,32437,16530,15907
Mid,2052,205207,000,State of Texas,22,22 yrs,492517,251023,241494,116819,59446,57373,61961,31010,30951,250925,128974,121951,31311,15539,15772,31501,16054,15447
Mid,2052,205207,000,State of Texas,23,23 yrs,495117,252245,242872,118382,60242,58140,62781,31351,31430,251240,129172,122068,32153,15913,16240,30561,15567,14994
Mid,2052,205207,000,State of Texas,24,24 yrs,497655,253416,244239,119957,61045,58912,63548,31657,31891,251440,129313,122127,33055,16292,16763,29655,15109,14546
Mid,2052,205207,000,State of Texas,25,25 yrs,500191,254537,245654,121585,61858,59727,64335,31961,32374,251510,129401,122109,34009,16671,17338,28752,14646,14106
Mid,2052,205207,000,State of Texas,26,26 yrs,502732,255662,247070,123218,62673,60545,65080,32227,32853,251572,129532,122040,35002,17041,17961,27860,14189,13671
Mid,2052,205207,000,State of Texas,27,27 yrs,505600,256927,248673,124966,63549,61417,65844,32500,33344,251797,129755,122042,36005,17382,18623,26988,13741,13247
Mid,2052,205207,000,State of Texas,28,28 yrs,508162,258037,250125,126629,64383,62246,66522,32734,33788,251897,129914,121983,36989,17709,19280,26125,13297,12828
Mid,2052,205207,000,State of Texas,29,29 yrs,510748,259180,251568,128279,65205,63074,67197,32967,34230,252098,130132,121966,37914,18017,19897,25260,12859,12401
Mid,2052,205207,000,State of Texas,30,30 yrs,511967,259539,252428,129561,65854,63707,68518,33544,34974,251492,129748,121744,38085,18017,20068,24311,12376,11935
Mid,2052,205207,000,State of Texas,31,31 yrs,513250,260151,253099,130719,66450,64269,68665,33540,35125,251577,129922,121655,38858,18310,20548,23431,11929,11502
Mid,2052,205207,000,State of Texas,32,32 yrs,486917,246535,240382,123225,62773,60452,65619,31750,33869,232204,119978,112226,43443,20627,22816,22426,11407,11019
Mid,2052,205207,000,State of Texas,33,33 yrs,496464,250947,245517,127939,65226,62713,67589,32616,34973,234854,121155,113699,44259,20868,23391,21823,11082,10741
Mid,2052,205207,000,State of Texas,34,34 yrs,513835,259609,254226,131992,67208,64784,70357,34141,36216,242517,125111,117406,46246,21626,24620,22723,11523,11200
Mid,2052,205207,000,State of Texas,35,35 yrs,532638,269557,263081,138667,70651,68016,71782,34835,36947,251007,129596,121411,48107,22611,25496,23075,11864,11211
Mid,2052,205207,000,State of Texas,36,36 yrs,549982,278128,271854,144727,73739,70988,73507,35364,38143,259396,134137,125259,48823,22992,25831,23529,11896,11633
Mid,2052,205207,000,State of Texas,37,37 yrs,559677,283860,275817,146107,74758,71349,74719,36186,38533,264751,137154,127597,50200,23747,26453,23900,12015,11885
Mid,2052,205207,000,State of Texas,38,38 yrs,556266,282070,274196,146205,74786,71419,73973,36001,37972,263220,136065,127155,49842,23566,26276,23026,11652,11374
Mid,2052,205207,000,State of Texas,39,39 yrs,555774,281232,274542,146106,74220,71886,73389,35518,37871,262172,135519,126653,51130,24509,26621,22977,11466,11511
Mid,2052,205207,000,State of Texas,40,40 yrs,555514,281499,274015,145299,73818,71481,73508,35733,37775,263813,136725,127088,50336,23807,26529,22558,11416,11142
Mid,2052,205207,000,State of Texas,41,41 yrs,559393,283989,275404,147120,75339,71781,74045,36056,37989,265857,137708,128149,50034,23581,26453,22337,11305,11032
Mid,2052,205207,000,State of Texas,42,42 yrs,581527,294500,287027,151290,77526,73764,76788,37105,39683,279702,144199,135503,50313,23743,26570,23434,11927,11507
Mid,2052,205207,000,State of Texas,43,43 yrs,580916,294537,286379,151809,77723,74086,76857,37475,39382,279290,144010,135280,50036,23742,26294,22924,11587,11337
Mid,2052,205207,000,State of Texas,44,44 yrs,593191,300033,293158,155059,79224,75835,78258,38076,40182,285612,146852,138760,50965,24179,26786,23297,11702,11595
Mid,2052,205207,000,State of Texas,45,45 yrs,587039,296831,290208,154826,79245,75581,77709,37917,39792,281896,144413,137483,49729,23620,26109,22879,11636,11243
Mid,2052,205207,000,State of Texas,46,46 yrs,575917,291733,284184,153160,78699,74461,75107,36411,38696,275808,141942,133866,49615,23478,26137,22227,11203,11024
Mid,2052,205207,000,State of Texas,47,47 yrs,577227,292817,284410,154207,79207,75000,74669,36396,38273,276286,142550,133736,50039,23707,26332,22026,10957,11069
Mid,2052,205207,000,State of Texas,48,48 yrs,571464,289302,282162,155086,79477,75609,73596,35909,37687,271394,139368,132026,49704,23684,26020,21684,10864,10820
Mid,2052,205207,000,State of Texas,49,49 yrs,561579,284004,277575,153318,78707,74611,72298,35242,37056,266307,136511,129796,49033,23205,25828,20623,10339,10284
Mid,2052,205207,000,State of Texas,50,50 yrs,564162,285022,279140,154522,79312,75210,76472,36859,39613,262470,134884,127586,50169,23820,26349,20529,10147,10382
Mid,2052,205207,000,State of Texas,51,51 yrs,567268,283926,283342,160557,81597,78960,76524,36527,39997,258109,131075,127034,51764,24742,27022,20314,9985,10329
Mid,2052,205207,000,State of Texas,52,52 yrs,559330,281565,277765,163103,83386,79717,75558,36117,39441,251514,128282,123232,50049,24110,25939,19106,9670,9436
Mid,2052,205207,000,State of Texas,53,53 yrs,532567,267892,264675,156848,80103,76745,70993,34080,36913,238630,121463,117167,48171,23356,24815,17925,8890,9035
Mid,2052,205207,000,State of Texas,54,54 yrs,514891,259403,255488,152225,77851,74374,68417,32848,35569,229011,116810,112201,47831,23309,24522,17407,8585,8822
Mid,2052,205207,000,State of Texas,55,55 yrs,503069,253107,249962,151487,77399,74088,66085,31556,34529,221840,113219,108621,47157,22815,24342,16500,8118,8382
Mid,2052,205207,000,State of Texas,56,56 yrs,498028,249327,248701,151827,77185,74642,65090,31027,34063,217504,110173,107331,46619,22667,23952,16988,8275,8713
Mid,2052,205207,000,State of Texas,57,57 yrs,507800,254564,253236,156742,79988,76754,67311,31871,35440,221202,112190,109012,46021,22388,23633,16524,8127,8397
Mid,2052,205207,000,State of Texas,58,58 yrs,487615,242305,245310,151875,77128,74747,65303,30884,34419,209056,104634,104422,45203,21925,23278,16178,7734,8444
Mid,2052,205207,000,State of Texas,59,59 yrs,485639,240929,244710,152843,77581,75262,65559,30795,34764,205741,102756,102985,45459,22091,23368,16037,7706,8331
Mid,2052,205207,000,State of Texas,60,60 yrs,487385,241128,246257,157596,79892,77704,65506,30592,34914,203281,101268,102013,45141,21729,23412,15861,7647,8214
Mid,2052,205207,000,State of Texas,61,61 yrs,477915,235562,242353,158145,79940,78205,63955,29711,34244,194981,96801,98180,44742,21495,23247,16092,7615,8477
Mid,2052,205207,000,State of Texas,62,62 yrs,502105,247886,254219,167800,84731,83069,66753,30947,35806,205011,102273,102738,45982,22103,23879,16559,7832,8727
Mid,2052,205207,000,State of Texas,63,63 yrs,449968,219612,230356,153748,77425,76323,59170,27203,31967,177400,86737,90663,44169,20997,23172,15481,7250,8231
Mid,2052,205207,000,State of Texas,64,64 yrs,448873,219069,229804,154375,77404,76971,57795,26300,31495,178586,87912,90674,43081,20421,22660,15036,7032,8004
Mid,2052,205207,000,State of Texas,65,65 yrs,435891,211734,224157,151721,75769,75952,55041,25255,29786,172725,84102,88623,41545,19793,21752,14859,6815,8044
Mid,2052,205207,000,State of Texas,66,66 yrs,429862,208118,221744,151517,75483,76034,53934,24438,29496,168795,81977,86818,41306,19561,21745,14310,6659,7651
Mid,2052,205207,000,State of Texas,67,67 yrs,444196,215706,228490,156487,78243,78244,54760,25013,29747,176893,86105,90788,41511,19694,21817,14545,6651,7894
Mid,2052,205207,000,State of Texas,68,68 yrs,405460,194347,211113,143459,71082,72377,49820,22307,27513,159053,76279,82774,39313,18403,20910,13815,6276,7539
Mid,2052,205207,000,State of Texas,69,69 yrs,402052,192002,210050,143111,70890,72221,49301,22087,27214,157833,74955,82878,37936,17728,20208,13871,6342,7529
Mid,2052,205207,000,State of Texas,70,70 yrs,392858,186584,206274,139692,68746,70946,47285,20966,26319,156275,74164,82111,36281,16753,19528,13325,5955,7370
Mid,2052,205207,000,State of Texas,71,71 yrs,380202,179352,200850,135499,66535,68964,46540,20384,26156,150435,70658,79777,34333,15782,18551,13395,5993,7402
Mid,2052,205207,000,State of Texas,72,72 yrs,394488,186884,207604,138223,67533,70690,48168,21218,26950,160949,76755,84194,34126,15532,18594,13022,5846,7176
Mid,2052,205207,000,State of Texas,73,73 yrs,338175,158079,180096,120216,58560,61656,41384,18007,23377,133724,62168,71556,30855,14015,16840,11996,5329,6667
Mid,2052,205207,000,State of Texas,74,74 yrs,331595,153517,178078,117723,56615,61108,38886,16824,22062,134493,61910,72583,28936,13147,15789,11557,5021,6536
Mid,2052,205207,000,State of Texas,75,75 yrs,316220,146016,170204,111467,53471,57996,36652,15848,20804,129064,59165,69899,28040,12669,15371,10997,4863,6134
Mid,2052,205207,000,State of Texas,76,76 yrs,302939,139132,163807,106522,51095,55427,34655,14642,20013,123923,56507,67416,27484,12418,15066,10355,4470,5885
Mid,2052,205207,000,State of Texas,77,77 yrs,310911,143369,167542,110008,52360,57648,34531,14909,19622,128802,59264,69538,27189,12319,14870,10381,4517,5864
Mid,2052,205207,000,State of Texas,78,78 yrs,278214,126165,152049,99708,47000,52708,31598,13317,18281,112919,50743,62176,24744,11092,13652,9245,4013,5232
Mid,2052,205207,000,State of Texas,79,79 yrs,272516,122642,149874,99079,46381,52698,31149,12963,18186,109039,48697,60342,23791,10569,13222,9458,4032,5426
Mid,2052,205207,000,State of Texas,80,80 yrs,269461,120441,149020,102549,47686,54863,30059,12408,17651,105317,46542,58775,22415,9860,12555,9121,3945,5176
Mid,2052,205207,000,State of Texas,81,81 yrs,264445,117550,146895,105450,48662,56788,29611,12126,17485,99669,43816,55853,20635,9084,11551,9080,3862,5218
Mid,2052,205207,000,State of Texas,82,82 yrs,258149,114841,143308,102748,47084,55664,27941,11330,16611,99419,44311,55108,19519,8481,11038,8522,3635,4887
Mid,2052,205207,000,State of Texas,83,83 yrs,218222,95570,122652,88108,39853,48255,23388,9355,14033,82525,36077,46448,16845,7221,9624,7356,3064,4292
Mid,2052,205207,000,State of Texas,84,84 yrs,200682,87167,113515,80066,36001,44065,21795,8687,13108,77477,33519,43958,14690,6252,8438,6654,2708,3946
Mid,2052,205207,000,State of Texas,85,85 yrs,184430,79215,105215,74992,33131,41861,20218,7836,12382,70326,30435,39891,12743,5354,7389,6151,2459,3692
Mid,2052,205207,000,State of Texas,86,86 yrs,173741,73999,99742,71072,31019,40053,19151,7336,11815,65939,28416,37523,11827,4948,6879,5752,2280,3472
Mid,2052,205207,000,State of Texas,87,87 yrs,170861,71925,98936,73094,31470,41624,18453,6923,11530,62946,26872,36074,10758,4439,6319,5610,2221,3389
Mid,2052,205207,000,State of Texas,88,88 yrs,151996,62854,89142,67505,28512,38993,15993,5859,10134,53741,22599,31142,9537,3861,5676,5220,2023,3197
Mid,2052,205207,000,State of Texas,89,89 yrs,137015,55727,81288,62221,25906,36315,14325,5169,9156,47460,19560,27900,8239,3266,4973,4770,1826,2944
Mid,2052,205207,000,State of Texas,90,90 yrs,121235,48691,72544,56437,23118,33319,12527,4465,8062,41361,16924,24437,6717,2625,4092,4193,1559,2634
Mid,2052,205207,000,State of Texas,91,91 yrs,106844,42098,64746,50280,20299,29981,11130,3877,7253,35939,14399,21540,5873,2215,3658,3622,1308,2314
Mid,2052,205207,000,State of Texas,92,92 yrs,95440,37162,58278,45355,18020,27335,9742,3341,6401,32102,12770,19332,5141,1880,3261,3100,1151,1949
Mid,2052,205207,000,State of Texas,93,93 yrs,76204,29032,47172,36935,14430,22505,7845,2635,5210,24760,9609,15151,4103,1446,2657,2561,912,1649
Mid,2052,205207,000,State of Texas,94,94 yrs,64814,24158,40656,31823,12156,19667,6527,2147,4380,20924,7920,13004,3376,1163,2213,2164,772,1392
Mid,2052,205207,000,State of Texas,95,95+ yrs,214216,74224,139992,108771,38564,70207,21099,6395,14704,66400,23465,42935,11056,3538,7518,6890,2262,4628
Mid,2053,205307,000,State of Texas,-1,All Ages,40851015,20245535,20605480,11476023,5715947,5760076,5150043,2457537,2692506,18846445,9466958,9379487,3231127,1540126,1691001,2147377,1064967,1082410
Mid,2053,205307,000,State of Texas,0,< 1 yr,396597,202264,194333,86551,44141,42410,46116,23519,22597,195109,99506,95603,20130,10266,9864,48691,24832,23859
Mid,2053,205307,000,State of Texas,1,1 yr,400414,204117,196297,87514,44634,42880,46679,23781,22898,197567,100693,96874,20887,10653,10234,47767,24356,23411
Mid,2053,205307,000,State of Texas,2,2 yrs,405148,206489,198659,88736,45265,43471,47384,24123,23261,200295,102052,98243,21702,11069,10633,47031,23980,23051
Mid,2053,205307,000,State of Texas,3,3 yrs,409948,208920,201028,90026,45933,44093,48113,24476,23637,202957,103398,99559,22505,11479,11026,46347,23634,22713
Mid,2053,205307,000,State of Texas,4,4 yrs,414774,211375,203399,91341,46612,44729,48841,24829,24012,205657,104782,100875,23247,11853,11394,45688,23299,22389
Mid,2053,205307,000,State of Texas,5,5 yrs,419642,213851,205791,92659,47290,45369,49556,25182,24374,208451,106212,102239,23922,12190,11732,45054,22977,22077
Mid,2053,205307,000,State of Texas,6,6 yrs,424583,216370,208213,93998,47980,46018,50259,25528,24731,211379,107722,103657,24520,12483,12037,44427,22657,21770
Mid,2053,205307,000,State of Texas,7,7 yrs,429593,218948,210645,95342,48673,46669,50964,25879,25085,214448,109322,105126,25041,12736,12305,43798,22338,21460
Mid,2053,205307,000,State of Texas,8,8 yrs,434681,221578,213103,96687,49363,47324,51655,26223,25432,217656,111006,106650,25502,12962,12540,43181,22024,21157
Mid,2053,205307,000,State of Texas,9,9 yrs,439730,224189,215541,98019,50045,47974,52344,26565,25779,220910,112721,108189,25901,13154,12747,42556,21704,20852
Mid,2053,205307,000,State of Texas,10,10 yrs,444841,226819,218022,99356,50724,48632,53024,26902,26122,224256,114477,109779,26274,13333,12941,41931,21383,20548
Mid,2053,205307,000,State of Texas,11,11 yrs,449892,229431,220461,100695,51405,49290,53697,27235,26462,227592,116231,111361,26614,13501,13113,41294,21059,20235
Mid,2053,205307,000,State of Texas,12,12 yrs,454730,231916,222814,102008,52067,49941,54358,27559,26799,230801,117909,112892,26918,13651,13267,40645,20730,19915
Mid,2053,205307,000,State of Texas,13,13 yrs,459500,234384,225116,103337,52742,50595,55018,27884,27134,233970,119577,114393,27192,13790,13402,39983,20391,19592
Mid,2053,205307,000,State of Texas,14,14 yrs,464098,236767,227331,104651,53405,51246,55662,28202,27460,237038,121202,115836,27448,13917,13531,39299,20041,19258
Mid,2053,205307,000,State of Texas,15,15 yrs,468515,239025,229490,105960,54053,51907,56301,28511,27790,239958,122747,117211,27721,14042,13679,38575,19672,18903
Mid,2053,205307,000,State of Texas,16,16 yrs,472805,241215,231590,107289,54710,52579,56973,28832,28141,242689,124202,118487,28036,14185,13851,37818,19286,18532
Mid,2053,205307,000,State of Texas,17,17 yrs,476877,243292,233585,108607,55359,53248,57657,29149,28508,245142,125538,119604,28461,14376,14085,37010,18870,18140
Mid,2053,205307,000,State of Texas,18,18 yrs,480940,245332,235608,109938,56000,53938,58402,29487,28915,247396,126780,120616,29025,14620,14405,36179,18445,17734
Mid,2053,205307,000,State of Texas,19,19 yrs,484841,247282,237559,111520,56802,54718,59371,29905,29466,249066,127743,121323,29603,14847,14756,35281,17985,17296
Mid,2053,205307,000,State of Texas,20,20 yrs,488547,249123,239424,113095,57583,55512,60340,30327,30013,250481,128578,121903,30273,15120,15153,34358,17515,16843
Mid,2053,205307,000,State of Texas,21,21 yrs,492028,250828,241200,114681,58373,56308,61291,30733,30558,251637,129256,122381,30996,15431,15565,33423,17035,16388
Mid,2053,205307,000,State of Texas,22,22 yrs,495164,252377,242787,116244,59159,57085,62197,31124,31073,252489,129783,122706,31754,15761,15993,32480,16550,15930
Mid,2053,205307,000,State of Texas,23,23 yrs,498175,253798,244377,117811,59945,57866,63078,31492,31586,253155,130160,122995,32588,16127,16461,31543,16074,15469
Mid,2053,205307,000,State of Texas,24,24 yrs,500985,255098,245887,119386,60751,58635,63927,31841,32086,253572,130403,123169,33485,16509,16976,30615,15594,15021
Mid,2053,205307,000,State of Texas,25,25 yrs,503771,256344,247427,120988,61559,59429,64723,32148,32575,253924,130630,123294,34423,16871,17552,29713,15136,14577
Mid,2053,205307,000,State of Texas,26,26 yrs,506549,257586,248963,122642,62384,60258,65545,32451,33094,254153,130845,123308,35400,17235,18165,28809,14671,14138
Mid,2053,205307,000,State of Texas,27,27 yrs,509227,258758,250469,124295,63206,61089,66308,32722,33586,254304,131036,123268,36398,17575,18823,27922,14219,13703
Mid,2053,205307,000,State of Texas,28,28 yrs,512111,260030,252081,126056,64088,61968,67065,32996,34069,254540,131270,123270,37401,17906,19495,27049,13770,13279
Mid,2053,205307,000,State of Texas,29,29 yrs,514605,261128,253477,127711,64925,62786,67752,33234,34518,254632,131423,123209,38327,18220,20107,26183,13326,12857
Mid,2053,205307,000,State of Texas,30,30 yrs,517052,262243,254809,129350,65745,63605,68395,33464,34931,254793,131627,123166,39193,18518,20675,25321,12889,12432
Mid,2053,205307,000,State of Texas,31,31 yrs,518107,262569,255538,130607,66386,64221,69733,34050,35683,254102,131213,122889,39290,18513,20777,24375,12407,11968
Mid,2053,205307,000,State of Texas,32,32 yrs,519063,263033,256030,131725,66964,64761,69827,34038,35789,254009,131284,122725,40011,18788,21223,23491,11959,11532
Mid,2053,205307,000,State of Texas,33,33 yrs,492470,249272,243198,124246,63299,60947,66739,32234,34505,234452,121218,113234,44553,21088,23465,22480,11433,11047
Mid,2053,205307,000,State of Texas,34,34 yrs,501768,253541,248227,128941,65738,63203,68681,33087,35594,236949,122302,114647,45320,21306,24014,21877,11108,10769
Mid,2053,205307,000,State of Texas,35,35 yrs,518951,262087,256864,132988,67716,65272,71453,34607,36846,244481,126177,118304,47252,22036,25216,22777,11551,11226
Mid,2053,205307,000,State of Texas,36,36 yrs,536848,271811,265037,139156,70931,68225,72414,35143,37271,252935,130665,122270,49218,23185,26033,23125,11887,11238
Mid,2053,205307,000,State of Texas,37,37 yrs,553826,280155,273671,145180,73996,71184,74084,35641,38443,261129,135077,126052,49858,23524,26334,23575,11917,11658
Mid,2053,205307,000,State of Texas,38,38 yrs,563168,285663,277505,146525,74995,71530,75258,36441,38817,266284,137954,128330,51157,24238,26919,23944,12035,11909
Mid,2053,205307,000,State of Texas,39,39 yrs,559435,283669,275766,146588,74999,71589,74471,36237,38234,264603,136764,127839,50707,23999,26708,23066,11670,11396
Mid,2053,205307,000,State of Texas,40,40 yrs,558683,282665,276018,146454,74418,72036,73846,35730,38116,263437,136127,127310,51931,24908,27023,23015,11482,11533
Mid,2053,205307,000,State of Texas,41,41 yrs,558217,282802,275415,145620,74001,71619,73937,35929,38008,264987,137270,127717,51080,24172,26908,22593,11430,11163
Mid,2053,205307,000,State of Texas,42,42 yrs,561874,285171,276703,147413,75511,71902,74445,36243,38202,266905,138169,128736,50744,23931,26813,22367,11317,11050
Mid,2053,205307,000,State of Texas,43,43 yrs,583866,295615,288251,151560,77688,73872,77168,37285,39883,280684,144617,136067,50992,24087,26905,23462,11938,11524
Mid,2053,205307,000,State of Texas,44,44 yrs,583135,295617,287518,152058,77877,74181,77225,37652,39573,280215,144405,135810,50691,24088,26603,22946,11595,11351
Mid,2053,205307,000,State of Texas,45,45 yrs,595316,301083,294233,155282,79367,75915,78601,38247,40354,286507,147236,139271,51611,24527,27084,23315,11706,11609
Mid,2053,205307,000,State of Texas,46,46 yrs,588981,297791,291190,155026,79371,75655,78022,38066,39956,282698,144758,137940,50342,23957,26385,22893,11639,11254
Mid,2053,205307,000,State of Texas,47,47 yrs,577584,292534,285050,153311,78790,74521,75386,36543,38843,276470,142213,134257,50180,23785,26395,22237,11203,11034
Mid,2053,205307,000,State of Texas,48,48 yrs,578571,293416,285155,154312,79271,75041,74904,36499,38405,276773,142709,134064,50550,23981,26569,22032,10956,11076
Mid,2053,205307,000,State of Texas,49,49 yrs,572529,289722,282807,155139,79508,75631,73789,35990,37799,271759,139444,132315,50156,23920,26236,21686,10860,10826
Mid,2053,205307,000,State of Texas,50,50 yrs,562410,284281,278129,153334,78711,74623,72454,35298,37156,266573,136534,130039,49427,23406,26021,20622,10332,10290
Mid,2053,205307,000,State of Texas,51,51 yrs,564815,285205,279610,154494,79291,75203,76593,36892,39701,262670,134877,127793,50533,24007,26526,20525,10138,10387
Mid,2053,205307,000,State of Texas,52,52 yrs,567802,284053,283749,160491,81547,78944,76635,36552,40083,258244,131054,127190,52127,24926,27201,20305,9974,10331
Mid,2053,205307,000,State of Texas,53,53 yrs,559722,281597,278125,162988,83307,79681,75646,36127,39519,251584,128224,123360,50409,24283,26126,19095,9656,9439
Mid,2053,205307,000,State of Texas,54,54 yrs,532847,267827,265020,156704,80003,76701,71067,34076,36991,238641,121362,117279,48525,23512,25013,17910,8874,9036
Mid,2053,205307,000,State of Texas,55,55 yrs,515046,259248,255798,152035,77719,74316,68477,32835,35642,228962,116669,112293,48184,23458,24726,17388,8567,8821
Mid,2053,205307,000,State of Texas,56,56 yrs,503089,252861,250228,151236,77230,74006,66126,31530,34596,221740,113037,108703,47510,22966,24544,16477,8098,8379
Mid,2053,205307,000,State of Texas,57,57 yrs,497858,248965,248893,151517,76981,74536,65095,30981,34114,217327,109938,107389,46963,22815,24148,16956,8250,8706
Mid,2053,205307,000,State of Texas,58,58 yrs,507345,254037,253308,156338,79728,76610,67273,31803,35470,220904,111879,109025,46344,22530,23814,16486,8097,8389
Mid,2053,205307,000,State of Texas,59,59 yrs,487013,241703,245310,151423,76836,74587,65245,30805,34440,208697,104297,104400,45515,22064,23451,16133,7701,8432
Mid,2053,205307,000,State of Texas,60,60 yrs,484802,240197,244605,152319,77242,75077,65464,30697,34767,205276,102363,102913,45759,22227,23532,15984,7668,8316
Mid,2053,205307,000,State of Texas,61,61 yrs,486252,240236,246016,156956,79480,77476,65370,30469,34901,202692,100820,101872,45432,21862,23570,15802,7605,8197
Mid,2053,205307,000,State of Texas,62,62 yrs,476540,234523,242017,157416,79472,77944,63775,29560,34215,194318,96308,98010,45009,21616,23393,16022,7567,8455
Mid,2053,205307,000,State of Texas,63,63 yrs,500185,246510,253675,166886,84145,82741,66481,30742,35739,204151,101658,102493,46192,22189,24003,16475,7776,8699
Mid,2053,205307,000,State of Texas,64,64 yrs,448007,218240,229767,152811,76832,75979,58889,26995,31894,176586,86168,90418,44328,21053,23275,15393,7192,8201
Mid,2053,205307,000,State of Texas,65,65 yrs,446460,217430,229030,153300,76729,76571,57446,26055,31391,177607,87242,90365,43170,20436,22734,14937,6968,7969
Mid,2053,205307,000,State of Texas,66,66 yrs,432332,209434,222898,150287,74868,75419,54478,24900,29578,171442,83280,88162,41340,19622,21718,14785,6764,8021
Mid,2053,205307,000,State of Texas,67,67 yrs,425857,205583,220274,149926,74493,75433,53303,24048,29255,167373,81076,86297,41033,19367,21666,14222,6599,7623
Mid,2053,205307,000,State of Texas,68,68 yrs,439536,212786,226750,154674,77114,77560,54044,24573,29471,175211,85047,90164,41167,19470,21697,14440,6582,7858
Mid,2053,205307,000,State of Texas,69,69 yrs,400860,191511,209349,141660,69976,71684,49115,21885,27230,157428,75271,82157,38954,18175,20779,13703,6204,7499
Mid,2053,205307,000,State of Texas,70,70 yrs,397060,188949,208111,141165,69699,71466,48532,21632,26900,156070,73872,82198,37552,17487,20065,13741,6259,7482
Mid,2053,205307,000,State of Texas,71,71 yrs,387529,183361,204168,137622,67491,70131,46486,20501,25985,154362,72997,81365,35873,16502,19371,13186,5870,7316
Mid,2053,205307,000,State of Texas,72,72 yrs,374524,175963,198561,133293,65210,68083,45682,19895,25787,148420,69444,78976,33897,15519,18378,13232,5895,7337
Mid,2053,205307,000,State of Texas,73,73 yrs,387936,183002,204934,135746,66063,69683,47187,20664,26523,158526,75292,83234,33635,15243,18392,12842,5740,7102
Mid,2053,205307,000,State of Texas,74,74 yrs,331952,154466,177486,117818,57154,60664,40462,17495,22967,131509,60871,70638,30354,13725,16629,11809,5221,6588
Mid,2053,205307,000,State of Texas,75,75 yrs,324896,149704,175192,115152,55136,60016,37942,16309,21633,132038,60504,71534,28411,12847,15564,11353,4908,6445
Mid,2053,205307,000,State of Texas,76,76 yrs,309227,142067,167160,108795,51945,56850,35685,15323,20362,126492,57707,68785,27473,12349,15124,10782,4743,6039
Mid,2053,205307,000,State of Texas,77,77 yrs,295472,134969,160503,103675,49479,54196,33648,14109,19539,121170,54968,66202,26852,12066,14786,10127,4347,5780
Mid,2053,205307,000,State of Texas,78,78 yrs,302321,138610,163711,106723,50522,56201,33415,14313,19102,125587,57472,68115,26478,11927,14551,10118,4376,5742
Mid,2053,205307,000,State of Texas,79,79 yrs,269675,121560,148115,96392,45178,51214,30476,12737,17739,109805,49068,60737,24018,10701,13317,8984,3876,5108
Mid,2053,205307,000,State of Texas,80,80 yrs,263195,117694,145501,95409,44390,51019,29930,12345,17585,105698,46930,58768,23003,10152,12851,9155,3877,5278
Mid,2053,205307,000,State of Texas,81,81 yrs,259073,115016,144057,98277,45401,52876,28750,11757,16993,101688,44662,57026,21572,9423,12149,8786,3773,5013
Mid,2053,205307,000,State of Texas,82,82 yrs,252955,111629,141326,100508,46051,54457,28179,11426,16753,95818,41851,53967,19753,8630,11123,8697,3671,5026
Mid,2053,205307,000,State of Texas,83,83 yrs,245570,108371,137199,97350,44249,53101,26446,10610,15836,95085,42080,53005,18574,8001,10573,8115,3431,4684
Mid,2053,205307,000,State of Texas,84,84 yrs,206399,89595,116804,82968,37191,45777,22015,8705,13310,78514,34059,44455,15936,6766,9170,6966,2874,4092
Mid,2053,205307,000,State of Texas,85,85 yrs,188543,81099,107444,74869,33329,41540,20381,8024,12357,73231,31413,41818,13804,5813,7991,6258,2520,3738
Mid,2053,205307,000,State of Texas,86,86 yrs,172006,73090,98916,69611,30416,39195,18774,7179,11595,65992,28290,37702,11886,4936,6950,5743,2269,3474
Mid,2053,205307,000,State of Texas,87,87 yrs,160789,67695,93094,65461,28233,37228,17651,6665,10986,61403,26189,35214,10946,4523,6423,5328,2085,3243
Mid,2053,205307,000,State of Texas,88,88 yrs,156715,65154,91561,66728,28366,38362,16863,6231,10632,58104,24527,33577,9871,4019,5852,5149,2011,3138
Mid,2053,205307,000,State of Texas,89,89 yrs,138080,56344,81736,61041,25434,35607,14484,5221,9263,49140,20416,28724,8669,3460,5209,4746,1813,2933
Mid,2053,205307,000,State of Texas,90,90 yrs,123174,49393,73781,55675,22850,32825,12845,4558,8287,42948,17472,25476,7414,2895,4519,4292,1618,2674
Mid,2053,205307,000,State of Texas,91,91 yrs,107748,42633,65115,49930,20145,29785,11112,3892,7220,36998,14932,22066,5977,2299,3678,3731,1365,2366
Mid,2053,205307,000,State of Texas,92,92 yrs,93786,36374,57412,43937,17458,26479,9758,3338,6420,31743,12532,19211,5163,1915,3248,3185,1131,2054
Mid,2053,205307,000,State of Texas,93,93 yrs,82645,31654,50991,39104,15281,23823,8434,2839,5595,27959,10951,17008,4459,1602,2857,2689,981,1708
Mid,2053,205307,000,State of Texas,94,94 yrs,65035,24355,40680,31391,12055,19336,6700,2208,4492,21245,8112,13133,3509,1214,2295,2190,766,1424
Mid,2053,205307,000,State of Texas,95,95+ yrs,223177,77468,145709,111964,39770,72194,22252,6773,15479,70078,24810,45268,11597,3715,7882,7286,2400,4886
Mid,2054,205407,000,State of Texas,-1,All Ages,41109593,20377619,20731974,11439408,5699467,5739941,5192075,2477647,2714428,19012909,9553017,9459892,3276836,1561424,1715412,2188365,1086064,1102301
Mid,2054,205407,000,State of Texas,0,< 1 yr,396362,202145,194217,85865,43791,42074,46062,23492,22570,194746,99320,95426,20103,10253,9850,49586,25289,24297
Mid,2054,205407,000,State of Texas,1,1 yr,399952,203881,196071,86780,44260,42520,46615,23748,22867,197096,100453,96643,20852,10635,10217,48609,24785,23824
Mid,2054,205407,000,State of Texas,2,2 yrs,404395,206110,198285,87932,44856,43076,47295,24077,23218,199662,101734,97928,21681,11059,10622,47825,24384,23441
Mid,2054,205407,000,State of Texas,3,3 yrs,408951,208415,200536,89162,45492,43670,48015,24425,23590,202177,103007,99170,22494,11472,11022,47103,24019,23084
Mid,2054,205407,000,State of Texas,4,4 yrs,413562,210753,202809,90429,46146,44283,48731,24771,23960,204712,104299,100413,23272,11866,11406,46418,23671,22747
Mid,2054,205407,000,State of Texas,5,5 yrs,418301,213165,205136,91727,46816,44911,49432,25115,24317,207394,105675,101719,23985,12221,11764,45763,23338,22425
Mid,2054,205407,000,State of Texas,6,6 yrs,423110,215625,207485,93034,47488,45546,50132,25462,24670,210197,107125,103072,24617,12533,12084,45130,23017,22113
Mid,2054,205407,000,State of Texas,7,7 yrs,428000,218133,209867,94356,48170,46186,50819,25802,25017,213147,108662,104485,25177,12804,12373,44501,22695,21806
Mid,2054,205407,000,State of Texas,8,8 yrs,432987,220708,212279,95687,48854,46833,51507,26143,25364,216251,110290,105961,25670,13045,12625,43872,22376,21496
Mid,2054,205407,000,State of Texas,9,9 yrs,438064,223335,214729,97023,49535,47488,52186,26481,25705,219488,111996,107492,26112,13262,12850,43255,22061,21194
Mid,2054,205407,000,State of Texas,10,10 yrs,443101,225934,217167,98339,50207,48132,52863,26817,26046,222774,113722,109052,26494,13445,13049,42631,21743,20888
Mid,2054,205407,000,State of Texas,11,11 yrs,448175,228548,219627,99677,50885,48792,53539,27151,26388,226101,115470,110631,26855,13622,13233,42003,21420,20583
Mid,2054,205407,000,State of Texas,12,12 yrs,453187,231133,222054,101017,51565,49452,54203,27477,26726,229419,117210,112209,27181,13784,13397,41367,21097,20270
Mid,2054,205407,000,State of Texas,13,13 yrs,457992,233609,224383,102332,52228,50104,54864,27802,27062,232617,118887,113730,27463,13926,13537,40716,20766,19950
Mid,2054,205407,000,State of Texas,14,14 yrs,462790,236089,226701,103678,52909,50769,55526,28127,27399,235799,120565,115234,27731,14060,13671,40056,20428,19628
Mid,2054,205407,000,State of Texas,15,15 yrs,467509,238520,228989,105024,53582,51442,56194,28453,27741,238908,122216,116692,28014,14194,13820,39369,20075,19294
Mid,2054,205407,000,State of Texas,16,16 yrs,472212,240906,231306,106404,54259,52145,56899,28787,28112,241909,123808,118101,28352,14344,14008,38648,19708,18940
Mid,2054,205407,000,State of Texas,17,17 yrs,476922,243300,233622,107818,54954,52864,57646,29135,28511,244778,125350,119428,28790,14540,14250,37890,19321,18569
Mid,2054,205407,000,State of Texas,18,18 yrs,481479,245611,235868,109218,55637,53581,58434,29500,28934,247365,126770,120595,29372,14795,14577,37090,18909,18181
Mid,2054,205407,000,State of Texas,19,19 yrs,485920,247825,238095,110859,56461,54398,59449,29938,29511,249409,127925,121484,29978,15034,14944,36225,18467,17758
Mid,2054,205407,000,State of Texas,20,20 yrs,490107,249905,240202,112480,57272,55208,60468,30383,30085,251152,128919,122233,30681,15325,15356,35326,18006,17320
Mid,2054,205407,000,State of Texas,21,21 yrs,493984,251829,242155,114100,58081,56019,61447,30803,30644,252626,129772,122854,31411,15639,15772,34400,17534,16866
Mid,2054,205407,000,State of Texas,22,22 yrs,497564,253566,243998,115686,58873,56813,62415,31226,31189,253813,130438,123375,32185,15975,16210,33465,17054,16411
Mid,2054,205407,000,State of Texas,23,23 yrs,500834,255156,245678,117234,59657,57577,63323,31610,31713,254720,130969,123751,33035,16350,16685,32522,16570,15952
Mid,2054,205407,000,State of Texas,24,24 yrs,504054,256655,247399,118812,60453,58359,64235,31987,32248,255486,131390,124096,33924,16724,17200,31597,16101,15496
Mid,2054,205407,000,State of Texas,25,25 yrs,507125,258044,249081,120414,61263,59151,65116,32339,32777,256066,131731,124335,34856,17090,17766,30673,15621,15052
Mid,2054,205407,000,State of Texas,26,26 yrs,510141,259397,250744,122042,62084,59958,65945,32642,33303,256564,132072,124492,35819,17437,18382,29771,15162,14609
Mid,2054,205407,000,State of Texas,27,27 yrs,513058,260687,252371,123717,62916,60801,66787,32951,33836,256883,132348,124535,36799,17770,19029,28872,14702,14170
Mid,2054,205407,000,State of Texas,28,28 yrs,515757,261865,253892,125382,63744,61638,67546,33222,34324,257047,132551,124496,37796,18099,19697,27986,14249,13737
Mid,2054,205407,000,State of Texas,29,29 yrs,518566,263126,255440,127136,64629,62507,68308,33502,34806,257273,132778,124495,38742,18418,20324,27107,13799,13308
Mid,2054,205407,000,State of Texas,30,30 yrs,520931,264205,256726,128787,65471,63316,68966,33739,35227,257323,132915,124408,39611,18724,20887,26244,13356,12888
Mid,2054,205407,000,State of Texas,31,31 yrs,523175,265264,257911,130403,66280,64123,69574,33954,35620,257400,133091,124309,40413,19019,21394,25385,12920,12465
Mid,2054,205407,000,State of Texas,32,32 yrs,523974,265476,258498,131632,66910,64722,70924,34561,36363,256535,132576,123959,40448,18992,21456,24435,12437,11998
Mid,2054,205407,000,State of Texas,33,33 yrs,524596,265764,258832,132704,67469,65235,70968,34532,36436,256258,132529,123729,41121,19249,21872,23545,11985,11560
Mid,2054,205407,000,State of Texas,34,34 yrs,497789,251870,245919,125248,63814,61434,67842,32709,35133,236549,122361,114188,45617,21528,24089,22533,11458,11075
Mid,2054,205407,000,State of Texas,35,35 yrs,506853,256005,250848,129923,66240,63683,69772,33551,36221,238905,123364,115541,46322,21714,24608,21931,11136,10795
Mid,2054,205407,000,State of Texas,36,36 yrs,523145,264329,258816,133476,67994,65482,72092,34918,37174,246395,127237,119158,48354,22604,25750,22828,11576,11252
Mid,2054,205407,000,State of Texas,37,37 yrs,540699,273849,266850,139611,71192,68419,73000,35427,37573,254654,131599,123055,50262,23723,26539,23172,11908,11264
Mid,2054,205407,000,State of Texas,38,38 yrs,557318,281959,275359,145597,74233,71364,74626,35897,38729,262660,135877,126783,50816,24015,26801,23619,11937,11682
Mid,2054,205407,000,State of Texas,39,39 yrs,566362,287278,279084,146917,75217,71700,75760,36678,39082,267665,138650,129015,52035,24680,27355,23985,12053,11932
Mid,2054,205407,000,State of Texas,40,40 yrs,562367,285120,277247,146937,75197,71740,74940,36455,38485,265877,137384,128493,51509,24398,27111,23104,11686,11418
Mid,2054,205407,000,State of Texas,41,41 yrs,561409,283986,277423,146780,74607,72173,74285,35932,38353,264605,136668,127937,52689,25283,27406,23050,11496,11554
Mid,2054,205407,000,State of Texas,42,42 yrs,560721,284005,276716,145914,74174,71740,74344,36121,38223,266040,137740,128300,51797,24526,27271,22626,11444,11182
Mid,2054,205407,000,State of Texas,43,43 yrs,564226,286296,277930,147683,75673,72010,74834,36429,38405,267885,138587,129298,51428,24279,27149,22396,11328,11068
Mid,2054,205407,000,State of Texas,44,44 yrs,586085,296694,289391,151801,77837,73964,77541,37464,40077,281604,145010,136594,51654,24437,27217,23485,11946,11539
Mid,2054,205407,000,State of Texas,45,45 yrs,585261,296660,288601,152284,78017,74267,77570,37822,39748,281105,144787,136318,51336,24433,26903,22966,11601,11365
Mid,2054,205407,000,State of Texas,46,46 yrs,597275,302053,295222,155481,79493,75988,78922,38401,40521,287311,147582,139729,52229,24867,27362,23332,11710,11622
Mid,2054,205407,000,State of Texas,47,47 yrs,590681,298616,292065,155185,79471,75714,78309,38204,40105,283369,145033,138336,50916,24270,26646,22902,11638,11264
Mid,2054,205407,000,State of Texas,48,48 yrs,578986,293163,285823,153417,78854,74563,75632,36653,38979,277002,142395,134607,50692,24060,26632,22243,11201,11042
Mid,2054,205407,000,State of Texas,49,49 yrs,579642,293834,285808,154362,79299,75063,75100,36580,38520,277143,142786,134357,51001,24216,26785,22036,10953,11083
Mid,2054,205407,000,State of Texas,50,50 yrs,573377,290013,283364,155149,79509,75640,73949,36049,37900,272043,139481,132562,50552,24121,26431,21684,10853,10831
Mid,2054,205407,000,State of Texas,51,51 yrs,563083,284477,278606,153306,78685,74621,72581,35336,37245,266778,136536,130242,49800,23597,26203,20618,10323,10295
Mid,2054,205407,000,State of Texas,52,52 yrs,565343,285318,280025,154432,79245,75187,76696,36911,39785,262809,134849,127960,50890,24187,26703,20516,10126,10390
Mid,2054,205407,000,State of Texas,53,53 yrs,568224,284094,284130,160393,81474,78919,76726,36560,40166,258320,130998,127322,52493,25102,27391,20292,9960,10332
Mid,2054,205407,000,State of Texas,54,54 yrs,560009,281538,278471,162833,83199,79634,75721,36124,39597,251605,128131,123474,50771,24445,26326,19079,9639,9440
Mid,2054,205407,000,State of Texas,55,55 yrs,533005,267681,265324,156511,79873,76638,71128,34062,37066,238596,121227,117369,48880,23664,25216,17890,8855,9035
Mid,2054,205407,000,State of Texas,56,56 yrs,515064,259001,256063,151793,77560,74233,68515,32807,35708,228857,116481,112376,48536,23608,24928,17363,8545,8818
Mid,2054,205407,000,State of Texas,57,57 yrs,502939,252513,250426,150935,77033,73902,66136,31486,34650,221568,112806,108762,47852,23114,24738,16448,8074,8374
Mid,2054,205407,000,State of Texas,58,58 yrs,497478,248482,248996,151142,76736,74406,65068,30918,34150,217064,109652,107412,47287,22956,24331,16917,8220,8697
Mid,2054,205407,000,State of Texas,59,59 yrs,506675,253386,253289,155874,79426,76448,67202,31719,35483,220505,111513,108992,46654,22666,23988,16440,8062,8378
Mid,2054,205407,000,State of Texas,60,60 yrs,486200,240992,245208,150910,76508,74402,65155,30708,34447,208235,103908,104327,45819,22204,23615,16081,7664,8417
Mid,2054,205407,000,State of Texas,61,61 yrs,483733,239333,244400,151722,76855,74867,65336,30578,34758,204702,101918,102784,46049,22357,23692,15924,7625,8299
Mid,2054,205407,000,State of Texas,62,62 yrs,484874,239187,245687,156246,79021,77225,65192,30318,34874,202005,100311,101694,45697,21980,23717,15734,7557,8177
Mid,2054,205407,000,State of Texas,63,63 yrs,474879,233306,241573,156595,78943,77652,63547,29381,34166,193561,95757,97804,45234,21711,23523,15942,7514,8428
Mid,2054,205407,000,State of Texas,64,64 yrs,497904,244922,252982,165865,83497,82368,66150,30503,35647,203168,100971,102197,46342,22238,24104,16379,7713,8666
Mid,2054,205407,000,State of Texas,65,65 yrs,445682,216651,229031,151767,76173,75594,58549,26753,31796,175653,85528,90125,44419,21069,23350,15294,7128,8166
Mid,2054,205407,000,State of Texas,66,66 yrs,442843,215091,227752,151865,75824,76041,56866,25693,31173,176290,86396,89894,42956,20261,22695,14866,6917,7949
Mid,2054,205407,000,State of Texas,67,67 yrs,428358,206909,221449,148724,73894,74830,53855,24511,29344,170012,82371,87641,41072,19430,21642,14695,6703,7992
Mid,2054,205407,000,State of Texas,68,68 yrs,421484,202850,218634,148218,73434,74784,52624,23633,28991,165816,80097,85719,40703,19153,21550,14123,6533,7590
Mid,2054,205407,000,State of Texas,69,69 yrs,434555,209697,224858,152751,75928,76823,53278,24111,29167,173413,83921,89492,40791,19230,21561,14322,6507,7815
Mid,2054,205407,000,State of Texas,70,70 yrs,395934,188494,207440,139748,68807,70941,48364,21442,26922,155681,74190,81491,38561,17929,20632,13580,6126,7454
Mid,2054,205407,000,State of Texas,71,71 yrs,391712,185705,206007,139084,68434,70650,47720,21157,26563,154179,72719,81460,37130,17225,19905,13599,6170,7429
Mid,2054,205407,000,State of Texas,72,72 yrs,381799,179934,201865,135403,66160,69243,45641,20016,25625,152298,71749,80549,35425,16231,19194,13032,5778,7254
Mid,2054,205407,000,State of Texas,73,73 yrs,368397,172360,196037,130927,63806,67121,44771,19384,25387,146229,68145,78084,33418,15235,18183,13052,5790,7262
Mid,2054,205407,000,State of Texas,74,74 yrs,380785,178831,201954,133052,64487,68565,46138,20079,26059,155867,73714,82153,33087,14927,18160,12641,5624,7017
Mid,2054,205407,000,State of Texas,75,75 yrs,325296,150660,174636,115260,55673,59587,39492,16964,22528,129131,59503,69628,29809,13415,16394,11604,5105,6499
Mid,2054,205407,000,State of Texas,76,76 yrs,317741,145679,172062,112409,53573,58836,36949,15773,21176,129411,59019,70392,27840,12526,15314,11132,4788,6344
Mid,2054,205407,000,State of Texas,77,77 yrs,301658,137840,163818,105913,50314,55599,34656,14771,19885,123696,56141,67555,26849,12002,14847,10544,4612,5932
Mid,2054,205407,000,State of Texas,78,78 yrs,287392,130526,156866,100600,47753,52847,32578,13552,19026,118184,53324,64860,26156,11684,14472,9874,4213,5661
Mid,2054,205407,000,State of Texas,79,79 yrs,293062,133569,159493,103189,48572,54617,32233,13694,18539,122111,55573,66538,25698,11505,14193,9831,4225,5606
Mid,2054,205407,000,State of Texas,80,80 yrs,260514,116690,143824,92844,43252,49592,29292,12136,17156,106451,47292,59159,23228,10282,12946,8699,3728,4971
Mid,2054,205407,000,State of Texas,81,81 yrs,253118,112430,140688,91453,42272,49181,28634,11702,16932,102070,45044,57026,22140,9703,12437,8821,3709,5112
Mid,2054,205407,000,State of Texas,82,82 yrs,247901,109265,138636,93694,42978,50716,27367,11083,16284,97766,42662,55104,20654,8954,11700,8420,3588,4832
Mid,2054,205407,000,State of Texas,83,83 yrs,240704,105366,135338,95258,43292,51966,26683,10705,15978,91674,39757,51917,18804,8145,10659,8285,3467,4818
Mid,2054,205407,000,State of Texas,84,84 yrs,232306,101624,130682,91694,41306,50388,24899,9876,15023,90458,39728,50730,17572,7497,10075,7683,3217,4466
Mid,2054,205407,000,State of Texas,85,85 yrs,193968,83383,110585,77612,34444,43168,20597,8045,12552,74227,31926,42301,14978,6292,8686,6554,2676,3878
Mid,2054,205407,000,State of Texas,86,86 yrs,175911,74860,101051,69517,30611,38906,18932,7355,11577,68736,29205,39531,12880,5362,7518,5846,2327,3519
Mid,2054,205407,000,State of Texas,87,87 yrs,159252,66894,92358,64142,27697,36445,17311,6526,10785,61470,26081,35389,11007,4514,6493,5322,2076,3246
Mid,2054,205407,000,State of Texas,88,88 yrs,147566,61362,86204,59786,25460,34326,16139,6003,10136,56699,23913,32786,10046,4096,5950,4896,1890,3006
Mid,2054,205407,000,State of Texas,89,89 yrs,142441,58444,83997,60364,25318,35046,15276,5555,9721,53143,22165,30978,8974,3603,5371,4684,1803,2881
Mid,2054,205407,000,State of Texas,90,90 yrs,124201,49972,74229,54650,22447,32203,12995,4607,8388,44481,18242,26239,7802,3068,4734,4273,1608,2665
Mid,2054,205407,000,State of Texas,91,91 yrs,109533,43270,66263,49280,19922,29358,11400,3975,7425,38433,15419,23014,6599,2537,4062,3821,1417,2404
Mid,2054,205407,000,State of Texas,92,92 yrs,94632,36859,57773,43655,17335,26320,9748,3353,6395,32693,13003,19690,5255,1988,3267,3281,1180,2101
Mid,2054,205407,000,State of Texas,93,93 yrs,81274,31002,50272,37908,14813,23095,8454,2839,5615,27666,10753,16913,4481,1633,2848,2765,964,1801
Mid,2054,205407,000,State of Texas,94,94 yrs,70579,26573,44006,33254,12773,20481,7208,2380,4828,23999,9249,14750,3816,1346,2470,2302,825,1477
Mid,2054,205407,000,State of Texas,95,95+ yrs,230552,80185,150367,114175,40642,73533,23322,7119,16203,73292,26026,47266,12139,3894,8245,7624,2504,5120
Mid,2055,205507,000,State of Texas,-1,All Ages,41365099,20508128,20856971,11402967,5683024,5719943,5233881,2497635,2736246,19176121,9637457,9538664,3321958,1582429,1739529,2230172,1107583,1122589
Mid,2055,205507,000,State of Texas,0,< 1 yr,396307,202116,194191,85219,43462,41757,46020,23470,22550,194442,99165,95277,20095,10248,9847,50531,25771,24760
Mid,2055,205507,000,State of Texas,1,1 yr,399747,203778,195969,86095,43911,42184,46568,23724,22844,196752,100277,96475,20828,10623,10205,49504,25243,24261
Mid,2055,205507,000,State of Texas,2,2 yrs,403939,205878,198061,87197,44482,42715,47238,24047,23191,199191,101495,97696,21648,11042,10606,48665,24812,23853
Mid,2055,205507,000,State of Texas,3,3 yrs,408205,208040,200165,88358,45083,43275,47930,24381,23549,201543,102689,98854,22475,11463,11012,47899,24424,23475
Mid,2055,205507,000,State of Texas,4,4 yrs,412569,210250,202319,89564,45705,43859,48638,24722,23916,203929,103907,100022,23264,11860,11404,47174,24056,23118
Mid,2055,205507,000,State of Texas,5,5 yrs,417092,212545,204547,90813,46349,44464,49328,25060,24268,206445,105190,101255,24013,12236,11777,46493,23710,22783
Mid,2055,205507,000,State of Texas,6,6 yrs,421772,214941,206831,92100,47013,45087,50012,25397,24615,209136,106587,102549,24683,12565,12118,45841,23379,22462
Mid,2055,205507,000,State of Texas,7,7 yrs,426533,217392,209141,93391,47678,45713,50696,25738,24958,211963,108064,103899,25277,12856,12421,45206,23056,22150
Mid,2055,205507,000,State of Texas,8,8 yrs,431395,219893,211502,94699,48350,46349,51365,26068,25297,214947,109628,105319,25809,13114,12695,44575,22733,21842
Mid,2055,205507,000,State of Texas,9,9 yrs,436371,222467,213904,96020,49025,46995,52042,26403,25639,218080,111279,106801,26283,13347,12936,43946,22413,21533
Mid,2055,205507,000,State of Texas,10,10 yrs,441433,225079,216354,97341,49696,47645,52707,26733,25974,221347,112996,108351,26708,13554,13154,43330,22100,21230
Mid,2055,205507,000,State of Texas,11,11 yrs,446434,227660,218774,98657,50366,48291,53380,27066,26314,224615,114713,109902,27079,13735,13344,42703,21780,20923
Mid,2055,205507,000,State of Texas,12,12 yrs,451472,230252,221220,99998,51045,48953,54047,27393,26654,227925,116448,111477,27426,13908,13518,42076,21458,20618
Mid,2055,205507,000,State of Texas,13,13 yrs,456452,232827,223625,101341,51726,49615,54712,27721,26991,231232,118186,113046,27729,14061,13668,41438,21133,20305
Mid,2055,205507,000,State of Texas,14,14 yrs,461283,235314,225969,102671,52394,50277,55375,28046,27329,234443,119873,114570,28006,14198,13808,40788,20803,19985
Mid,2055,205507,000,State of Texas,15,15 yrs,466210,237849,228361,104056,53091,50965,56061,28380,27681,237664,121576,116088,28303,14340,13963,40126,20462,19664
Mid,2055,205507,000,State of Texas,16,16 yrs,471212,240403,230809,105467,53787,51680,56797,28731,28066,240857,123276,117581,28649,14498,14151,39442,20111,19331
Mid,2055,205507,000,State of Texas,17,17 yrs,476337,242993,233344,106933,54503,52430,57578,29092,28486,243996,124955,119041,29109,14700,14409,38721,19743,18978
Mid,2055,205507,000,State of Texas,18,18 yrs,481536,245623,235913,108429,55232,53197,58429,29488,28941,247002,126582,120420,29705,14961,14744,37971,19360,18611
Mid,2055,205507,000,State of Texas,19,19 yrs,486464,248105,238359,110134,56095,54039,59487,29953,29534,249378,127915,121463,30329,15211,15118,37136,18931,18205
Mid,2055,205507,000,State of Texas,20,20 yrs,491193,250449,240744,111815,56930,54885,60556,30418,30138,251494,129100,122394,31058,15513,15545,36270,18488,17782
Mid,2055,205507,000,State of Texas,21,21 yrs,495560,252619,242941,113482,57768,55714,61588,30866,30722,253297,130113,123184,31824,15846,15978,35369,18026,17343
Mid,2055,205507,000,State of Texas,22,22 yrs,499543,254583,244960,115102,58579,56523,62581,31301,31280,254815,130966,123849,32603,16184,16419,34442,17553,16889
Mid,2055,205507,000,State of Texas,23,23 yrs,503239,256347,246892,116670,59368,57302,63551,31717,31834,256041,131622,124419,33468,16565,16903,33509,17075,16434
Mid,2055,205507,000,State of Texas,24,24 yrs,506725,258014,248711,118233,60164,58069,64493,32109,32384,257049,132197,124852,34373,16947,17426,32577,16597,15980
Mid,2055,205507,000,State of Texas,25,25 yrs,510213,259613,250600,119843,60971,58872,65435,32489,32946,257980,132718,125262,35301,17308,17993,31654,16127,15527
Mid,2055,205507,000,State of Texas,26,26 yrs,513537,261115,252422,121464,61785,59679,66354,32841,33513,258732,133185,125547,36255,17657,18598,30732,15647,15085
Mid,2055,205507,000,State of Texas,27,27 yrs,516665,262505,254160,123115,62615,60500,67202,33150,34052,259291,133573,125718,37223,17974,19249,29834,15193,14641
Mid,2055,205507,000,State of Texas,28,28 yrs,519600,263797,255803,124801,63452,61349,68038,33456,34582,259624,133861,125763,38202,18296,19906,28935,14732,14203
Mid,2055,205507,000,State of Texas,29,29 yrs,522227,264966,257261,126460,64284,62176,68801,33732,35069,259780,134059,125721,39141,18612,20529,28045,14279,13766
Mid,2055,205507,000,State of Texas,30,30 yrs,524902,266206,258696,128210,65174,63036,69534,34012,35522,259963,134270,125693,40028,18921,21107,27167,13829,13338
Mid,2055,205507,000,State of Texas,31,31 yrs,527072,267234,259838,129839,66006,63833,70161,34237,35924,259928,134378,125550,40834,19225,21609,26310,13388,12922
Mid,2055,205507,000,State of Texas,32,32 yrs,529027,268165,260862,131436,66808,64628,70730,34449,36281,259828,134453,125375,41586,19504,22082,25447,12951,12496
Mid,2055,205507,000,State of Texas,33,33 yrs,529569,268231,261338,132636,67425,65211,72092,35066,37026,258786,133822,124964,41564,19454,22110,24491,12464,12027
Mid,2055,205507,000,State of Texas,34,34 yrs,529890,268354,261536,133664,67963,65701,72090,35016,37074,258354,133676,124678,42184,19689,22495,23598,12010,11588
Mid,2055,205507,000,State of Texas,35,35 yrs,502859,254327,248532,126223,64312,61911,68939,33176,35763,238491,123417,115074,46619,21936,24683,22587,11486,11101
Mid,2055,205507,000,State of Texas,36,36 yrs,511037,258241,252796,130408,66516,63892,70419,33867,36552,240811,124421,116390,47418,22277,25141,21981,11160,10821
Mid,2055,205507,000,State of Texas,37,37 yrs,526986,266360,260626,133930,68254,65676,72687,35206,37481,248101,128164,119937,49392,23138,26254,22876,11598,11278
Mid,2055,205507,000,State of Texas,38,38 yrs,544205,275667,268538,140025,71426,68599,73552,35689,37863,256183,132404,123779,51226,24219,27007,23219,11929,11290
Mid,2055,205507,000,State of Texas,39,39 yrs,560515,283576,276939,145988,74454,71534,75136,36140,38996,264037,136571,127466,51693,24455,27238,23661,11956,11705
Mid,2055,205507,000,State of Texas,40,40 yrs,569306,288731,280575,147266,75415,71851,76234,36897,39337,268939,139267,129672,52844,25083,27761,24023,12069,11954
Mid,2055,205507,000,State of Texas,41,41 yrs,565096,286440,278656,147265,75386,71879,75384,36659,38725,267041,137923,129118,52267,24772,27495,23139,11700,11439
Mid,2055,205507,000,State of Texas,42,42 yrs,563948,285195,278753,147077,74778,72299,74702,36127,38575,265667,137136,128531,53420,25644,27776,23082,11510,11572
Mid,2055,205507,000,State of Texas,43,43 yrs,563080,285131,277949,146184,74336,71848,74741,36308,38433,267010,138153,128857,52489,24878,27611,22656,11456,11200
Mid,2055,205507,000,State of Texas,44,44 yrs,566483,287393,279090,147932,75830,72102,75213,36611,38602,268819,138980,129839,52098,24635,27463,22421,11337,11084
Mid,2055,205507,000,State of Texas,45,45 yrs,588229,297757,290472,152028,77979,74049,77886,37636,40250,282503,145404,137099,52306,24787,27519,23506,11951,11555
Mid,2055,205507,000,State of Texas,46,46 yrs,587204,297618,289586,152476,78138,74338,77892,37975,39917,281902,145129,136773,51950,24770,27180,22984,11606,11378
Mid,2055,205507,000,State of Texas,47,47 yrs,599006,302886,296120,155639,79593,76046,79216,38540,40676,287998,147858,140140,52809,25184,27625,23344,11711,11633
Mid,2055,205507,000,State of Texas,48,48 yrs,592103,299258,292845,155288,79535,75753,78560,38317,40243,283912,145220,138692,51433,24549,26884,22910,11637,11273
Mid,2055,205507,000,State of Texas,49,49 yrs,580112,293623,286489,153477,78891,74586,75839,36741,39098,277404,142496,134908,51146,24298,26848,22246,11197,11049
Mid,2055,205507,000,State of Texas,50,50 yrs,580503,294137,286366,154375,79304,75071,75263,36644,38619,277432,142824,134608,51398,24419,26979,22035,10946,11089
Mid,2055,205507,000,State of Texas,51,51 yrs,574070,290224,283846,155125,79490,75635,74083,36090,37993,272252,139483,132769,50931,24317,26614,21679,10844,10835
Mid,2055,205507,000,State of Texas,52,52 yrs,563619,284591,279028,153246,78636,74610,72691,35360,37331,266907,136502,130405,50166,23782,26384,20609,10311,10298
Mid,2055,205507,000,State of Texas,53,53 yrs,565756,285346,280410,154342,79178,75164,76775,36913,39862,262887,134785,128102,51250,24359,26891,20502,10111,10391
Mid,2055,205507,000,State of Texas,54,54 yrs,568544,284058,284486,160257,81382,78875,76807,36558,40249,258344,130905,127439,52861,25270,27591,20275,9943,10332
Mid,2055,205507,000,State of Texas,55,55 yrs,560178,281378,278800,162636,83061,79575,75786,36111,39675,251564,127988,123576,51135,24600,26535,19057,9618,9439
Mid,2055,205507,000,State of Texas,56,56 yrs,533038,267441,265597,156273,79714,76559,71168,34033,37135,238493,121044,117449,49240,23818,25422,17864,8832,9032
Mid,2055,205507,000,State of Texas,57,57 yrs,514911,258641,256270,151501,77364,74137,68521,32760,35761,228677,116244,112433,48880,23754,25126,17332,8519,8813
Mid,2055,205507,000,State of Texas,58,58 yrs,502571,252036,250535,150570,76796,73774,66112,31425,34687,221299,112513,108786,48176,23256,24920,16414,8046,8368
Mid,2055,205507,000,State of Texas,59,59 yrs,496902,247891,249011,150709,76458,74251,65011,30840,34171,216712,109313,107399,47600,23095,24505,16870,8185,8685
Mid,2055,205507,000,State of Texas,60,60 yrs,505780,252608,253172,155339,79077,76262,67100,31615,35485,219997,111091,108906,46955,22801,24154,16389,8024,8365
Mid,2055,205507,000,State of Texas,61,61 yrs,485148,240139,245009,150326,76132,74194,65032,30590,34442,207653,103456,104197,46114,22338,23776,16023,7623,8400
Mid,2055,205507,000,State of Texas,62,62 yrs,482419,238317,244102,151056,76422,74634,65168,30433,34735,204025,101412,102613,46313,22472,23841,15857,7578,8279
Mid,2055,205507,000,State of Texas,63,63 yrs,483193,237956,245237,155434,78500,76934,64963,30138,34825,201221,99742,101479,45918,22072,23846,15657,7504,8153
Mid,2055,205507,000,State of Texas,64,64 yrs,472872,231886,240986,155669,78353,77316,63264,29170,34094,192687,95138,97549,45399,21769,23630,15853,7456,8397
Mid,2055,205507,000,State of Texas,65,65 yrs,495216,243094,252122,164719,82776,81943,65755,30227,35528,202047,100200,101847,46423,22247,24176,16272,7644,8628
Mid,2055,205507,000,State of Texas,66,66 yrs,442136,214359,227777,150362,75291,75071,57974,26389,31585,174379,84711,89668,44200,20893,23307,15221,7075,8146
Mid,2055,205507,000,State of Texas,67,67 yrs,438802,212521,226281,150299,74844,75455,56225,25297,30928,174822,85460,89362,42678,20064,22614,14778,6856,7922
Mid,2055,205507,000,State of Texas,68,68 yrs,424011,204191,219820,147038,72851,74187,53181,24095,29086,168453,81391,87062,40746,19218,21528,14593,6636,7957
Mid,2055,205507,000,State of Texas,69,69 yrs,416785,199945,216840,146395,72313,74082,51898,23197,28701,164141,79054,85087,40339,18921,21418,14012,6460,7552
Mid,2055,205507,000,State of Texas,70,70 yrs,429225,206416,222809,150706,74673,76033,52468,23627,28841,171479,82721,88758,40381,18971,21410,14191,6424,7767
Mid,2055,205507,000,State of Texas,71,71 yrs,390661,185292,205369,137711,67571,70140,47569,20978,26591,153805,73038,80767,38133,17664,20469,13443,6041,7402
Mid,2055,205507,000,State of Texas,72,72 yrs,385960,182261,203699,136859,67097,69762,46859,20663,26196,152135,71484,80651,36667,16944,19723,13440,6073,7367
Mid,2055,205507,000,State of Texas,73,73 yrs,375608,176284,199324,133019,64748,68271,44740,19508,25232,150060,70413,79647,34930,15938,18992,12859,5677,7182
Mid,2055,205507,000,State of Texas,74,74 yrs,361712,168482,193230,128358,62298,66060,43795,18846,24949,143826,66740,77086,32883,14924,17959,12850,5674,7176
Mid,2055,205507,000,State of Texas,75,75 yrs,373148,174439,198709,130178,62826,67352,45035,19473,25562,153024,72051,80973,32490,14590,17900,12421,5499,6922
Mid,2055,205507,000,State of Texas,76,76 yrs,318178,146639,171539,112527,54106,58421,38472,16413,22059,126584,58057,68527,29214,13082,16132,11381,4981,6400
Mid,2055,205507,000,State of Texas,77,77 yrs,310009,141374,168635,109446,51900,57546,35897,15211,20686,126566,57429,69137,27211,12177,15034,10889,4657,6232
Mid,2055,205507,000,State of Texas,78,78 yrs,293453,133326,160127,102791,48570,54221,33560,14192,19368,120661,54468,66193,26160,11626,14534,10281,4470,5811
Mid,2055,205507,000,State of Texas,79,79 yrs,278679,125821,152858,97295,45925,51370,31442,12972,18470,114950,51579,63371,25394,11275,14119,9598,4070,5528
Mid,2055,205507,000,State of Texas,80,80 yrs,283139,128245,154894,99407,46510,52897,30987,13052,17935,118377,53566,64811,24851,11054,13797,9517,4063,5454
Mid,2055,205507,000,State of Texas,81,81 yrs,250603,111504,139099,89016,41201,47815,28033,11509,16524,102807,45396,57411,22362,9830,12532,8385,3568,4817
Mid,2055,205507,000,State of Texas,82,82 yrs,242279,106850,135429,87211,40029,47182,27266,11036,16230,98147,43036,55111,21199,9221,11978,8456,3528,4928
Mid,2055,205507,000,State of Texas,83,83 yrs,235983,103180,132803,88826,40420,48406,25922,10387,15535,93545,40530,53015,19665,8453,11212,8025,3390,4635
Mid,2055,205507,000,State of Texas,84,84 yrs,227774,98832,128942,89757,40430,49327,25133,9970,15163,87242,37544,49698,17795,7635,10160,7847,3253,4594
Mid,2055,205507,000,State of Texas,85,85 yrs,218362,94610,123752,85800,38271,47529,23300,9130,14170,85519,37242,48277,16515,6972,9543,7228,2995,4233
Mid,2055,205507,000,State of Texas,86,86 yrs,181021,76992,104029,72092,31648,40444,19141,7378,11763,69686,29689,39997,13978,5805,8173,6124,2472,3652
Mid,2055,205507,000,State of Texas,87,87 yrs,162933,68545,94388,64076,27888,36188,17462,6690,10772,64044,26931,37113,11930,4905,7025,5421,2131,3290
Mid,2055,205507,000,State of Texas,88,88 yrs,146228,60667,85561,58610,24991,33619,15835,5880,9955,56783,23823,32960,10108,4091,6017,4892,1882,3010
Mid,2055,205507,000,State of Texas,89,89 yrs,134211,55078,79133,54112,22735,31377,14628,5356,9272,51877,21618,30259,9137,3673,5464,4457,1696,2761
Mid,2055,205507,000,State of Texas,90,90 yrs,128194,51865,76329,54069,22356,31713,13710,4903,8807,48116,19810,28306,8079,3196,4883,4220,1600,2620
Mid,2055,205507,000,State of Texas,91,91 yrs,110515,43806,66709,48403,19582,28821,11539,4020,7519,39819,16105,23714,6947,2689,4258,3807,1410,2397
Mid,2055,205507,000,State of Texas,92,92 yrs,96267,37434,58833,43115,17155,25960,10007,3427,6580,33975,13430,20545,5806,2195,3611,3364,1227,2137
Mid,2055,205507,000,State of Texas,93,93 yrs,82056,31435,50621,37689,14717,22972,8450,2853,5597,28504,11162,17342,4563,1696,2867,2850,1007,1843
Mid,2055,205507,000,State of Texas,94,94 yrs,69461,26041,43420,32262,12390,19872,7231,2382,4849,23763,9085,14678,3836,1373,2463,2369,811,1558
Mid,2055,205507,000,State of Texas,95,95+ yrs,241092,84145,156947,117502,41917,75585,24607,7533,17074,78168,27917,50251,12830,4145,8685,7985,2633,5352
Mid,2056,205607,000,State of Texas,-1,All Ages,41617580,20637045,20980535,11366757,5666603,5700154,5275471,2517511,2757960,19335994,9720240,9615754,3366505,1603134,1763371,2272853,1129557,1143296
Mid,2056,205607,000,State of Texas,0,< 1 yr,396415,202172,194243,84606,43149,41457,45988,23454,22534,194177,99030,95147,20117,10260,9857,51527,26279,25248
Mid,2056,205607,000,State of Texas,1,1 yr,399708,203762,195946,85455,43587,41868,46535,23708,22827,196450,100124,96326,20823,10620,10203,50445,25723,24722
Mid,2056,205607,000,State of Texas,2,2 yrs,403743,205781,197962,86512,44133,42379,47197,24026,23171,198847,101320,97527,21627,11031,10596,49560,25271,24289
Mid,2056,205607,000,State of Texas,3,3 yrs,407755,207810,199945,87621,44708,42913,47880,24354,23526,201070,102449,98621,22445,11447,10998,48739,24852,23887
Mid,2056,205607,000,State of Texas,4,4 yrs,411830,209877,201953,88759,45295,43464,48560,24681,23879,203293,103587,99706,23248,11853,11395,47970,24461,23509
Mid,2056,205607,000,State of Texas,5,5 yrs,416105,212045,204060,89948,45908,44040,49240,25013,24227,205659,104797,100862,24008,12231,11777,47250,24096,23154
Mid,2056,205607,000,State of Texas,6,6 yrs,420567,214321,206246,91185,46545,44640,49913,25344,24569,208184,106100,102084,24714,12581,12133,46571,23751,22820
Mid,2056,205607,000,State of Texas,7,7 yrs,425199,216709,208490,92455,47202,45253,50580,25675,24905,210899,107524,103375,25347,12890,12457,45918,23418,22500
Mid,2056,205607,000,State of Texas,8,8 yrs,429929,219151,210778,93732,47857,45875,51246,26004,25242,213758,109028,104730,25913,13168,12745,45280,23094,22186
Mid,2056,205607,000,State of Texas,9,9 yrs,434777,221649,213128,95030,48520,46510,51902,26328,25574,216771,110614,106157,26425,13417,13008,44649,22770,21879
Mid,2056,205607,000,State of Texas,10,10 yrs,439743,224212,215531,96336,49185,47151,52568,26657,25911,219935,112277,107658,26883,13641,13242,44021,22452,21569
Mid,2056,205607,000,State of Texas,11,11 yrs,444767,226805,217962,97658,49854,47804,53228,26984,26244,223183,113984,109199,27296,13846,13450,43402,22137,21265
Mid,2056,205607,000,State of Texas,12,12 yrs,449729,229363,220366,98976,50525,48451,53890,27309,26581,226435,115689,110746,27652,14022,13630,42776,21818,20958
Mid,2056,205607,000,State of Texas,13,13 yrs,454735,231945,222790,100320,51205,49115,54558,27638,26920,229734,117422,112312,27976,14186,13790,42147,21494,20653
Mid,2056,205607,000,State of Texas,14,14 yrs,459740,234532,225208,101677,51891,49786,55224,27966,27258,233055,119171,113884,28274,14334,13940,41510,21170,20340
Mid,2056,205607,000,State of Texas,15,15 yrs,464704,237073,227631,103047,52575,50472,55912,28299,27613,236307,120883,115424,28580,14479,14101,40858,20837,20021
Mid,2056,205607,000,State of Texas,16,16 yrs,469917,239734,230183,104498,53296,51202,56666,28659,28007,239611,122635,116976,28942,14646,14296,40200,20498,19702
Mid,2056,205607,000,State of Texas,17,17 yrs,475345,242494,232851,105994,54030,51964,57482,29038,28444,242942,124422,118520,29410,14856,14554,39517,20148,19369
Mid,2056,205607,000,State of Texas,18,18 yrs,480963,245319,235644,107543,54781,52762,58369,29448,28921,246219,126186,120033,30027,15122,14905,38805,19782,19023
Mid,2056,205607,000,State of Texas,19,19 yrs,486527,248120,238407,109341,55688,53653,59491,29945,29546,249012,127726,121286,30664,15377,15287,38019,19384,18635
Mid,2056,205607,000,State of Texas,20,20 yrs,491745,250731,241014,111086,56562,54524,60603,30437,30166,251463,129089,122374,31412,15691,15721,37181,18952,18229
Mid,2056,205607,000,State of Texas,21,21 yrs,496652,253165,243487,112812,57423,55389,61684,30905,30779,253637,130292,123345,32204,16035,16169,36315,18510,17805
Mid,2056,205607,000,State of Texas,22,22 yrs,501126,255376,245750,114480,58264,56216,62730,31367,31363,255485,131308,124177,33019,16392,16627,35412,18045,17367
Mid,2056,205607,000,State of Texas,23,23 yrs,505233,257370,247863,116084,59073,57011,63729,31798,31931,257044,132150,124894,33889,16774,17115,34487,17575,16912
Mid,2056,205607,000,State of Texas,24,24 yrs,509135,259205,249930,117664,59872,57792,64730,32220,32510,258368,132849,125519,34810,17163,17647,33563,17101,16462
Mid,2056,205607,000,State of Texas,25,25 yrs,512892,260974,251918,119261,60680,58581,65703,32615,33088,259541,133524,126017,35753,17532,18221,32634,16623,16011
Mid,2056,205607,000,State of Texas,26,26 yrs,516642,262694,253948,120898,61499,59399,66684,32995,33689,260642,134169,126473,36706,17878,18828,31712,16153,15559
Mid,2056,205607,000,State of Texas,27,27 yrs,520085,264237,255848,122533,62314,60219,67624,33353,34271,261470,134697,126773,37662,18195,19467,30796,15678,15118
Mid,2056,205607,000,State of Texas,28,28 yrs,523222,265622,257600,124195,63149,61046,68468,33662,34806,262031,135085,126946,38629,18501,20128,29899,15225,14674
Mid,2056,205607,000,State of Texas,29,29 yrs,526089,266900,259189,125883,63991,61892,69306,33971,35335,262354,135366,126988,39552,18810,20742,28994,14762,14232
Mid,2056,205607,000,State of Texas,30,30 yrs,528575,268049,260526,127531,64827,62704,70041,34247,35794,262467,135549,126918,40431,19117,21314,28105,14309,13796
Mid,2056,205607,000,State of Texas,31,31 yrs,531063,269247,261816,129267,65715,63552,70742,34515,36227,262564,135730,126834,41257,19426,21831,27233,13861,13372
Mid,2056,205607,000,State of Texas,32,32 yrs,532941,270140,262801,130871,66533,64338,71335,34739,36596,262353,135738,126615,42010,19711,22299,26372,13419,12953
Mid,2056,205607,000,State of Texas,33,33 yrs,534604,270913,263691,132447,67326,65121,71862,34938,36924,262073,135698,126375,42717,19972,22745,25505,12979,12526
Mid,2056,205607,000,State of Texas,34,34 yrs,534916,270843,264073,133615,67928,65687,73243,35562,37681,260882,134968,125914,42631,19895,22736,24545,12490,12055
Mid,2056,205607,000,State of Texas,35,35 yrs,534950,270813,264137,134604,68447,66157,73211,35493,37718,260296,134736,125560,43189,20100,23089,23650,12037,11613
Mid,2056,205607,000,State of Texas,36,36 yrs,507033,256559,250474,126707,64587,62120,69593,33496,36097,240381,124467,115914,47715,22499,25216,22637,11510,11127
Mid,2056,205607,000,State of Texas,37,37 yrs,514876,260265,254611,130865,66773,64092,71021,34158,36863,242509,125345,117164,48451,22806,25645,22030,11183,10847
Mid,2056,205607,000,State of Texas,38,38 yrs,530482,268173,262309,134347,68492,65855,73244,35470,37774,249619,128963,120656,50351,23630,26721,22921,11618,11303
Mid,2056,205607,000,State of Texas,39,39 yrs,547412,277280,270132,140411,71643,68768,74070,35933,38137,257558,133091,124467,52111,24664,27447,23262,11949,11313
Mid,2056,205607,000,State of Texas,40,40 yrs,563480,285041,278439,146350,74659,71691,75617,36364,39253,265307,137187,128120,52508,24860,27648,23698,11971,11727
Mid,2056,205607,000,State of Texas,41,41 yrs,572065,290073,281992,147593,75604,71989,76685,37106,39579,270116,139817,130299,53610,25461,28149,24061,12085,11976
Mid,2056,205607,000,State of Texas,42,42 yrs,567645,287650,279995,147565,75558,72007,75808,36858,38950,268100,138388,129712,52999,25132,27867,23173,11714,11459
Mid,2056,205607,000,State of Texas,43,43 yrs,566326,286338,279988,147351,74946,72405,75105,36319,38786,266632,137546,129086,54125,26005,28120,23113,11522,11591
Mid,2056,205607,000,State of Texas,44,44 yrs,565367,286248,279119,146441,74494,71947,75126,36494,38632,267951,138557,129394,53168,25238,27930,22681,11465,11216
Mid,2056,205607,000,State of Texas,45,45 yrs,568640,288466,280174,148159,75972,72187,75561,36784,38777,269720,139377,130343,52756,24989,27767,22444,11344,11100
Mid,2056,205607,000,State of Texas,46,46 yrs,590194,298740,291454,152223,78104,74119,78210,37792,40418,283310,145759,137551,52928,25130,27798,23523,11955,11568
Mid,2056,205607,000,State of Texas,47,47 yrs,588935,298457,290478,152627,78233,74394,78190,38117,40073,282596,145416,137180,52525,25083,27442,22997,11608,11389
Mid,2056,205607,000,State of Texas,48,48 yrs,600453,303544,296909,155749,79664,76085,79478,38658,40820,288540,148043,140497,53333,25468,27865,23353,11711,11642
Mid,2056,205607,000,State of Texas,49,49 yrs,593245,299728,293517,155344,79571,75773,78774,38409,40365,284323,145325,138998,51892,24791,27101,22912,11632,11280
Mid,2056,205607,000,State of Texas,50,50 yrs,581004,293939,287065,153492,78897,74595,76012,36807,39205,277712,142544,135168,51543,24501,27042,22245,11190,11055
Mid,2056,205607,000,State of Texas,51,51 yrs,581195,294346,286849,154345,79281,75064,75399,36688,38711,277644,142826,134818,51777,24615,27162,22030,10936,11094
Mid,2056,205607,000,State of Texas,52,52 yrs,574626,290351,284275,155070,79447,75623,74201,36118,38083,272383,139448,132935,51303,24506,26797,21669,10832,10837
Mid,2056,205607,000,State of Texas,53,53 yrs,564034,284619,279415,153149,78565,74584,72783,35368,37415,266972,136431,130541,50534,23959,26575,20596,10296,10300
Mid,2056,205607,000,State of Texas,54,54 yrs,566041,285272,280769,154213,79083,75130,76847,36905,39942,262884,134670,128214,51613,24521,27092,20484,10093,10391
Mid,2056,205607,000,State of Texas,55,55 yrs,568755,283935,284820,160079,81261,78818,76876,36548,40328,258320,130775,127545,53229,25429,27800,20251,9922,10329
Mid,2056,205607,000,State of Texas,56,56 yrs,560189,281119,279070,162384,82893,79491,75827,36082,39745,251450,127794,123656,51499,24757,26742,19029,9593,9436
Mid,2056,205607,000,State of Texas,57,57 yrs,532893,267087,265806,155974,79517,76457,71179,33989,37190,238323,120809,117514,49586,23967,25619,17831,8805,9026
Mid,2056,205607,000,State of Texas,58,58 yrs,514566,258171,256395,151151,77135,74016,68498,32699,35799,228419,115954,112465,49204,23894,25310,17294,8489,8805
Mid,2056,205607,000,State of Texas,59,59 yrs,502015,251448,250567,150155,76526,73629,66061,31350,34711,220938,112164,108774,48489,23395,25094,16372,8013,8359
Mid,2056,205607,000,State of Texas,60,60 yrs,496093,247167,248926,150208,76136,74072,64925,30744,34181,216241,108908,107333,47902,23232,24670,16817,8147,8670
Mid,2056,205607,000,State of Texas,61,61 yrs,504658,251693,252965,154738,78687,76051,66967,31491,35476,219375,110602,108773,47248,22932,24316,16330,7981,8349
Mid,2056,205607,000,State of Texas,62,62 yrs,483860,239146,244714,149672,75710,73962,64871,30448,34423,206975,102952,104023,46384,22458,23926,15958,7578,8380
Mid,2056,205607,000,State of Texas,63,63 yrs,480814,237130,243684,150300,75938,74362,64948,30258,34690,203250,100845,102405,46535,22563,23972,15781,7526,8255
Mid,2056,205607,000,State of Texas,64,64 yrs,481158,236518,244640,154519,77919,76600,64677,29925,34752,200313,99102,101211,46078,22126,23952,15571,7446,8125
Mid,2056,205607,000,State of Texas,65,65 yrs,470475,230233,240242,154627,77695,76932,62922,28923,33999,191681,94439,97242,45493,21785,23708,15752,7391,8361
Mid,2056,205607,000,State of Texas,66,66 yrs,491244,240522,250722,163202,81822,81380,65105,29817,35288,200554,99235,101319,46190,22061,24129,16193,7587,8606
Mid,2056,205607,000,State of Texas,67,67 yrs,438176,211838,226338,148834,74333,74501,57335,25991,31344,172955,83805,89150,43917,20694,23223,15135,7015,8120
Mid,2056,205607,000,State of Texas,68,68 yrs,434379,209753,224626,148608,73795,74813,55530,24873,30657,173220,84449,88771,42343,19847,22496,14678,6789,7889
Mid,2056,205607,000,State of Texas,69,69 yrs,419337,201294,218043,145245,71747,73498,52460,23659,28801,166765,80337,86428,40388,18988,21400,14479,6563,7916
Mid,2056,205607,000,State of Texas,70,70 yrs,411757,196860,214897,144456,71127,73329,51125,22741,28384,162346,77941,84405,39941,18670,21271,13889,6381,7508
Mid,2056,205607,000,State of Texas,71,71 yrs,423498,202918,220580,148516,73337,75179,51607,23121,28486,169396,81435,87961,39931,18690,21241,14048,6335,7713
Mid,2056,205607,000,State of Texas,72,72 yrs,384972,181879,203093,135523,66258,69265,46723,20493,26230,151776,71803,79973,37660,17377,20283,13290,5948,7342
Mid,2056,205607,000,State of Texas,73,73 yrs,379740,178582,201158,134461,65671,68790,45944,20144,25800,149917,70161,79756,36154,16638,19516,13264,5968,7296
Mid,2056,205607,000,State of Texas,74,74 yrs,368839,172342,196497,130421,63223,67198,43775,18972,24803,147604,68967,78637,34374,15614,18760,12665,5566,7099
Mid,2056,205607,000,State of Texas,75,75 yrs,354542,164376,190166,125606,60701,64905,42764,18285,24479,141246,65251,75995,32297,14589,17708,12629,5550,7079
Mid,2056,205607,000,State of Texas,76,76 yrs,364993,169798,195195,127112,61067,66045,43875,18844,25031,149982,70293,79689,31842,14228,17614,12182,5366,6816
Mid,2056,205607,000,State of Texas,77,77 yrs,310478,142328,168150,109581,52428,57153,37385,15833,21552,123818,56501,67317,28560,12720,15840,11134,4846,6288
Mid,2056,205607,000,State of Texas,78,78 yrs,301625,136777,164848,106246,50115,56131,34773,14621,20152,123469,55728,67741,26517,11798,14719,10620,4515,6105
Mid,2056,205607,000,State of Texas,79,79 yrs,284597,128542,156055,99432,46721,52711,32397,13590,18807,117371,52691,64680,25404,11222,14182,9993,4318,5675
Mid,2056,205607,000,State of Texas,80,80 yrs,269321,120839,148482,93754,43990,49764,30240,12369,17871,111466,49728,61738,24565,10836,13729,9296,3916,5380
Mid,2056,205607,000,State of Texas,81,81 yrs,272402,122578,149824,95329,44318,51011,29659,12381,17278,114318,51422,62896,23924,10569,13355,9172,3888,5284
Mid,2056,205607,000,State of Texas,82,82 yrs,239942,106004,133938,84912,39027,45885,26702,10858,15844,98867,43378,55489,21419,9345,12074,8042,3396,4646
Mid,2056,205607,000,State of Texas,83,83 yrs,230715,100944,129771,82706,37659,45047,25836,10349,15487,93923,40895,53028,20187,8706,11481,8063,3335,4728
Mid,2056,205607,000,State of Texas,84,84 yrs,223395,96827,126568,83716,37759,45957,24425,9678,14747,89034,38281,50753,18614,7926,10688,7606,3183,4423
Mid,2056,205607,000,State of Texas,85,85 yrs,214175,92038,122137,84020,37476,46544,23529,9221,14308,82510,35207,47303,16731,7104,9627,7385,3030,4355
Mid,2056,205607,000,State of Texas,86,86 yrs,203835,87387,116448,79724,35178,44546,21659,8376,13283,80285,34634,45651,15414,6433,8981,6753,2766,3987
Mid,2056,205607,000,State of Texas,87,87 yrs,167720,70519,97201,66480,28846,37634,17663,6714,10949,64946,27383,37563,12950,5312,7638,5681,2264,3417
Mid,2056,205607,000,State of Texas,88,88 yrs,149668,62190,87478,58569,25174,33395,15978,6031,9947,59176,24605,34571,10958,4446,6512,4987,1934,3053
Mid,2056,205607,000,State of Texas,89,89 yrs,133059,54480,78579,53071,22328,30743,14361,5249,9112,51972,21542,30430,9199,3671,5528,4456,1690,2766
Mid,2056,205607,000,State of Texas,90,90 yrs,120868,48912,71956,48496,20087,28409,13136,4731,8405,46988,19329,27659,8229,3259,4970,4019,1506,2513
Mid,2056,205607,000,State of Texas,91,91 yrs,114129,45493,68636,47911,19513,28398,12180,4281,7899,43082,17494,25588,7195,2802,4393,3761,1403,2358
Mid,2056,205607,000,State of Texas,92,92 yrs,97186,37919,59267,42373,16871,25502,10135,3467,6668,35212,14033,21179,6113,2327,3786,3353,1221,2132
Mid,2056,205607,000,State of Texas,93,93 yrs,83535,31948,51587,37248,14575,22673,8680,2918,5762,29638,11533,18105,5044,1874,3170,2925,1048,1877
Mid,2056,205607,000,State of Texas,94,94 yrs,70177,26422,43755,32099,12317,19782,7232,2396,4836,24495,9435,15060,3909,1427,2482,2442,847,1595
Mid,2056,205607,000,State of Texas,95,95+ yrs,248679,86847,161832,119374,42613,76761,25659,7860,17799,81910,29284,52626,13405,4366,9039,8331,2724,5607
Mid,2057,205707,000,State of Texas,-1,All Ages,41867292,20764534,21102758,11330878,5650259,5680619,5316851,2537262,2779589,19492608,9801441,9691167,3410509,1623574,1786935,2316446,1151998,1164448
Mid,2057,205707,000,State of Texas,0,< 1 yr,396618,202276,194342,84013,42847,41166,45963,23441,22522,193902,98890,95012,20172,10288,9884,52568,26810,25758
Mid,2057,205707,000,State of Texas,1,1 yr,399833,203821,196012,84848,43275,41573,46512,23695,22817,196184,99989,96195,20849,10633,10216,51440,26229,25211
Mid,2057,205707,000,State of Texas,2,2 yrs,403716,205770,197946,85871,43808,42063,47171,24013,23158,198545,101167,97378,21625,11030,10595,50504,25752,24752
Mid,2057,205707,000,State of Texas,3,3 yrs,407572,207720,199852,86936,44359,42577,47848,24338,23510,200727,102274,98453,22427,11438,10989,49634,25311,24323
Mid,2057,205707,000,State of Texas,4,4 yrs,411385,209650,201735,88020,44919,43101,48517,24657,23860,202818,103347,99471,23221,11838,11383,48809,24889,23920
Mid,2057,205707,000,State of Texas,5,5 yrs,415368,211673,203695,89142,45498,43644,49167,24974,24193,205019,104475,100544,23994,12225,11769,48046,24501,23545
Mid,2057,205707,000,State of Texas,6,6 yrs,419584,213824,205760,90319,46104,44215,49830,25299,24531,207396,105707,101689,24712,12577,12135,47327,24137,23190
Mid,2057,205707,000,State of Texas,7,7 yrs,423993,216087,207906,91538,46732,44806,50485,25623,24862,209943,107035,102908,25380,12907,12473,46647,23790,22857
Mid,2057,205707,000,State of Texas,8,8 yrs,428598,218470,210128,92796,47381,45415,51134,25943,25191,212691,108487,104204,25985,13203,12782,45992,23456,22536
Mid,2057,205707,000,State of Texas,9,9 yrs,433318,220910,212408,94063,48027,46036,51787,26266,25521,215581,110013,105568,26533,13473,13060,45354,23131,22223
Mid,2057,205707,000,State of Texas,10,10 yrs,438149,223393,214756,95346,48680,46666,52431,26583,25848,218620,111609,107011,27027,13712,13315,44725,22809,21916
Mid,2057,205707,000,State of Texas,11,11 yrs,443079,225939,217140,96651,49342,47309,53091,26909,26182,221768,113264,108504,27474,13934,13540,44095,22490,21605
Mid,2057,205707,000,State of Texas,12,12 yrs,448064,228507,219557,97975,50011,47964,53741,27228,26513,224998,114958,110040,27873,14134,13739,43477,22176,21301
Mid,2057,205707,000,State of Texas,13,13 yrs,452995,231056,221939,99296,50684,48612,54404,27555,26849,228241,116661,111580,28205,14301,13904,42849,21855,20994
Mid,2057,205707,000,State of Texas,14,14 yrs,458025,233648,224377,100655,51369,49286,55072,27883,27189,231553,118404,113149,28524,14460,14064,42221,21532,20689
Mid,2057,205707,000,State of Texas,15,15 yrs,463160,236290,226870,102050,52070,49980,55764,28220,27544,234914,120179,114735,28850,14616,14234,41582,21205,20377
Mid,2057,205707,000,State of Texas,16,16 yrs,468414,238959,229455,103489,52780,50709,56521,28579,27942,238251,121941,116310,29221,14786,14435,40932,20873,20059
Mid,2057,205707,000,State of Texas,17,17 yrs,474054,241828,232226,105023,53538,51485,57359,28971,28388,241692,123779,117913,29705,15005,14700,40275,20535,19740
Mid,2057,205707,000,State of Texas,18,18 yrs,479980,244823,235157,106603,54307,52296,58281,29397,28884,245163,125652,119511,30332,15280,15052,39601,20187,19414
Mid,2057,205707,000,State of Texas,19,19 yrs,485956,247815,238141,108448,55233,53215,59438,29908,29530,248229,127329,120900,30988,15539,15449,38853,19806,19047
Mid,2057,205707,000,State of Texas,20,20 yrs,491824,250757,241067,110287,56151,54136,60616,30432,30184,251108,128912,122196,31749,15857,15892,38064,19405,18659
Mid,2057,205707,000,State of Texas,21,21 yrs,497208,253447,243761,112078,57053,55025,61740,30927,30813,253604,130280,123324,32561,16214,16347,37225,18973,18252
Mid,2057,205707,000,State of Texas,22,22 yrs,502232,255931,246301,113811,57923,55888,62836,31410,31426,255823,131485,124338,33404,16584,16820,36358,18529,17829
Mid,2057,205707,000,State of Texas,23,23 yrs,506824,258165,248659,115459,58757,56702,63888,31868,32020,257713,132491,125222,34308,16983,17325,35456,18066,17390
Mid,2057,205707,000,State of Texas,24,24 yrs,511152,260236,250916,117080,59575,57505,64922,32308,32614,259372,133377,125995,35235,17373,17862,34543,17603,16940
Mid,2057,205707,000,State of Texas,25,25 yrs,515315,262168,253147,118689,60386,58303,65952,32731,33221,260859,134174,126685,36194,17749,18445,33621,17128,16493
Mid,2057,205707,000,State of Texas,26,26 yrs,519329,264056,255273,120313,61206,59107,66964,33125,33839,262201,134974,127227,37159,18102,19057,32692,16649,16043
Mid,2057,205707,000,State of Texas,27,27 yrs,523209,265827,257382,121972,62034,59938,67965,33511,34454,263376,135678,127698,38120,18420,19700,31776,16184,15592
Mid,2057,205707,000,State of Texas,28,28 yrs,526667,267371,259296,123612,62847,60765,68902,33870,35032,264220,136221,127999,39072,18723,20349,30861,15710,15151
Mid,2057,205707,000,State of Texas,29,29 yrs,529742,268743,260999,125272,63685,61587,69756,34185,35571,264772,136602,128170,39982,19016,20966,29960,15255,14705
Mid,2057,205707,000,State of Texas,30,30 yrs,532452,269991,262461,126951,64533,62418,70561,34494,36067,265039,136855,128184,40846,19316,21530,29055,14793,14262
Mid,2057,205707,000,State of Texas,31,31 yrs,534743,271091,263652,128587,65367,63220,71261,34754,36507,265064,137007,128057,41662,19623,22039,28169,14340,13829
Mid,2057,205707,000,State of Texas,32,32 yrs,536948,272163,264785,130303,66247,64056,71927,35022,36905,264986,137088,127898,42438,19915,22523,27294,13891,13403
Mid,2057,205707,000,State of Texas,33,33 yrs,538534,272896,265638,131880,67050,64830,72482,35237,37245,264597,136982,127615,43145,20180,22965,26430,13447,12983
Mid,2057,205707,000,State of Texas,34,34 yrs,539934,273520,266414,133434,67833,65601,72976,35418,37558,264165,136844,127321,43799,20419,23380,25560,13006,12554
Mid,2057,205707,000,State of Texas,35,35 yrs,540028,273326,266702,134573,68421,66152,74393,36051,38342,262825,136030,126795,43638,20306,23332,24599,12518,12081
Mid,2057,205707,000,State of Texas,36,36 yrs,539114,273041,266073,135072,68712,66360,73874,35816,38058,262186,135791,126395,44283,20662,23621,23699,12060,11639
Mid,2057,205707,000,State of Texas,37,37 yrs,510867,258579,252288,127163,64843,62320,70204,33791,36413,242065,125384,116681,48749,23028,25721,22686,11533,11153
Mid,2057,205707,000,State of Texas,38,38 yrs,518355,262067,256288,131278,67008,64270,71580,34423,37157,244018,126139,117879,49403,23293,26110,22076,11204,10872
Mid,2057,205707,000,State of Texas,39,39 yrs,533689,269793,263896,134731,68708,66023,73773,35721,38052,250995,129657,121338,51227,24070,27157,22963,11637,11326
Mid,2057,205707,000,State of Texas,40,40 yrs,550377,278746,271631,140767,71844,68923,74556,36160,38396,258817,133701,125116,52933,25074,27859,23304,11967,11337
Mid,2057,205707,000,State of Texas,41,41 yrs,566243,286384,279859,146677,74848,71829,76076,36575,39501,266480,137736,128744,53274,25238,28036,23736,11987,11749
Mid,2057,205707,000,State of Texas,42,42 yrs,574637,291300,283337,147900,75783,72117,77115,37308,39807,271174,140281,130893,54353,25829,28524,24095,12099,11996
Mid,2057,205707,000,State of Texas,43,43 yrs,570040,288807,281233,147841,75726,72115,76215,37051,39164,269076,138811,130265,53703,25492,28211,23205,11727,11478
Mid,2057,205707,000,State of Texas,44,44 yrs,568619,287457,281162,147605,75102,72503,75493,36506,38987,267566,137946,129620,54815,26371,28444,23140,11532,11608
Mid,2057,205707,000,State of Texas,45,45 yrs,567529,287327,280202,146670,74638,72032,75480,36672,38808,268842,138948,129894,53832,25596,28236,22705,11473,11232
Mid,2057,205707,000,State of Texas,46,46 yrs,570618,289458,281160,148354,76097,72257,75888,36941,38947,270531,139735,130796,53382,25335,28047,22463,11350,11113
Mid,2057,205707,000,State of Texas,47,47 yrs,591939,299586,292353,152384,78203,74181,78505,37934,40571,284002,146044,137958,53513,25449,28064,23535,11956,11579
Mid,2057,205707,000,State of Texas,48,48 yrs,590380,299107,291273,152739,78300,74439,78449,38233,40216,283136,145602,137534,53049,25364,27685,23007,11608,11399
Mid,2057,205707,000,State of Texas,49,49 yrs,601617,304017,297600,155810,79698,76112,79700,38752,40948,288951,148147,140804,53799,25712,28087,23357,11708,11649
Mid,2057,205707,000,State of Texas,50,50 yrs,594175,300067,294108,155372,79584,75788,78954,38480,40474,284639,145378,139261,52299,25001,27298,22911,11624,11287
Mid,2057,205707,000,State of Texas,51,51 yrs,581751,294188,287563,153472,78883,74589,76158,36854,39304,277956,142570,135386,51924,24700,27224,22241,11181,11060
Mid,2057,205707,000,State of Texas,52,52 yrs,581761,294482,287279,154285,79235,75050,75515,36714,38801,277792,142805,134987,52148,24803,27345,22021,10925,11096
Mid,2057,205707,000,State of Texas,53,53 yrs,575063,290390,284673,154984,79382,75602,74296,36129,38167,272450,139376,133074,51679,24687,26992,21654,10816,10838
Mid,2057,205707,000,State of Texas,54,54 yrs,564357,284571,279786,153023,78476,74547,72865,35366,37499,266984,136323,130661,50906,24128,26778,20579,10278,10301
Mid,2057,205707,000,State of Texas,55,55 yrs,566212,285113,281099,154038,78960,75078,76907,36888,40019,262831,134517,128314,51975,24676,27299,20461,10072,10389
Mid,2057,205707,000,State of Texas,56,56 yrs,568821,283709,285112,159846,81109,78737,76924,36520,40404,258232,130592,127640,53598,25591,28007,20221,9897,10324
Mid,2057,205707,000,State of Texas,57,57 yrs,560028,280752,279276,162077,82694,79383,75838,36036,39802,251266,127546,123720,51852,24912,26940,18995,9564,9431
Mid,2057,205707,000,State of Texas,58,58 yrs,532537,266617,265920,155615,79286,76329,71157,33927,37230,238060,120519,117541,49914,24111,25803,17791,8774,9017
Mid,2057,205707,000,State of Texas,59,59 yrs,514009,257586,256423,150742,76871,73871,68447,32622,35825,228055,115606,112449,49517,24033,25484,17248,8454,8794
Mid,2057,205707,000,State of Texas,60,60 yrs,501236,250736,250500,149671,76211,73460,65982,31258,34724,220468,111759,108709,48792,23532,25260,16323,7976,8347
Mid,2057,205707,000,State of Texas,61,61 yrs,495066,246321,248745,149644,75774,73870,64812,30631,34181,215658,108448,107210,48194,23364,24830,16758,8104,8654
Mid,2057,205707,000,State of Texas,62,62 yrs,503277,250619,252658,154067,78250,75817,66794,31342,35452,218640,110047,108593,47514,23048,24466,16262,7932,8330
Mid,2057,205707,000,State of Texas,63,63 yrs,482280,237970,244310,148937,75238,73699,64664,30278,34386,206186,102375,103811,46611,22552,24059,15882,7527,8355
Mid,2057,205707,000,State of Texas,64,64 yrs,478851,235727,243124,149435,75386,74049,64675,30051,34624,202350,100206,102144,46695,22615,24080,15696,7469,8227
Mid,2057,205707,000,State of Texas,65,65 yrs,478751,234857,243894,153504,77278,76226,64331,29675,34656,199268,98379,100889,46174,22143,24031,15474,7382,8092
Mid,2057,205707,000,State of Texas,66,66 yrs,466807,227846,238961,153225,76810,76415,62320,28542,33778,190307,93549,96758,45276,21607,23669,15679,7338,8341
Mid,2057,205707,000,State of Texas,67,67 yrs,486809,237696,249113,161546,80788,80758,64385,29370,35015,198890,98167,100723,45889,21850,24039,16099,7521,8578
Mid,2057,205707,000,State of Texas,68,68 yrs,433839,209121,224718,147183,73307,73876,56644,25566,31078,171400,82827,88573,43578,20474,23104,15034,6947,8087
Mid,2057,205707,000,State of Texas,69,69 yrs,429639,206810,222829,146817,72691,74126,54787,24429,30358,171494,83361,88133,41975,19613,22362,14566,6716,7850
Mid,2057,205707,000,State of Texas,70,70 yrs,414328,198211,216117,143335,70577,72758,51692,23201,28491,164954,79212,85742,39996,18739,21257,14351,6482,7869
Mid,2057,205707,000,State of Texas,71,71 yrs,406351,193571,212780,142383,69870,72513,50305,22263,28042,160407,76745,83662,39505,18399,21106,13751,6294,7457
Mid,2057,205707,000,State of Texas,72,72 yrs,417334,199199,218135,146172,71925,74247,50695,22592,28103,167144,80057,87087,39435,18387,21048,13888,6238,7650
Mid,2057,205707,000,State of Texas,73,73 yrs,378822,178241,200581,133169,64863,68306,45824,19985,25839,149573,70480,79093,37137,17066,20071,13119,5847,7272
Mid,2057,205707,000,State of Texas,74,74 yrs,372942,174617,198325,131853,64137,67716,44961,19596,25365,147481,68729,78752,35581,16303,19278,13066,5852,7214
Mid,2057,205707,000,State of Texas,75,75 yrs,361588,168186,193402,127645,61615,66030,42757,18415,24342,144965,67441,77524,33767,15268,18499,12454,5447,7007
Mid,2057,205707,000,State of Texas,76,76 yrs,346882,160047,186835,122670,59016,63654,41678,17702,23976,138486,63681,74805,31659,14231,17428,12389,5417,6972
Mid,2057,205707,000,State of Texas,77,77 yrs,356169,164829,191340,123797,59182,64615,42640,18183,24457,146689,68411,78278,31126,13833,17293,11917,5220,6697
Mid,2057,205707,000,State of Texas,78,78 yrs,302127,137725,164402,106396,50636,55760,36226,15225,21001,120806,54837,65969,27837,12327,15510,10862,4700,6162
Mid,2057,205707,000,State of Texas,79,79 yrs,292569,131894,160675,102794,48216,54578,33577,14005,19572,120119,53921,66198,25756,11390,14366,10323,4362,5961
Mid,2057,205707,000,State of Texas,80,80 yrs,275100,123487,151613,95840,44767,51073,31169,12965,18204,113830,50811,63019,24583,10790,13793,9678,4154,5524
Mid,2057,205707,000,State of Texas,81,81 yrs,259184,115531,143653,89930,41930,48000,28959,11739,17220,107676,47749,59927,23656,10364,13292,8963,3749,5214
Mid,2057,205707,000,State of Texas,82,82 yrs,260846,116563,144283,90954,41992,48962,28253,11684,16569,109930,49139,60791,22914,10048,12866,8795,3700,5095
Mid,2057,205707,000,State of Texas,83,83 yrs,228555,100181,128374,80545,36727,43818,25308,10186,15122,94627,41229,53398,20403,8827,11576,7672,3212,4460
Mid,2057,205707,000,State of Texas,84,84 yrs,218494,94772,123722,77976,35195,42781,24351,9646,14705,89410,38633,50777,19113,8166,10947,7644,3132,4512
Mid,2057,205707,000,State of Texas,85,85 yrs,210160,90221,119939,78393,35015,43378,22876,8956,13920,84221,35905,48316,17507,7378,10129,7163,2967,4196
Mid,2057,205707,000,State of Texas,86,86 yrs,200007,85043,114964,78100,34463,43637,21883,8465,13418,77499,32757,44742,15622,6558,9064,6903,2800,4103
Mid,2057,205707,000,State of Texas,87,87 yrs,188905,80070,108835,73542,32075,41467,19993,7625,12368,74825,31949,42876,14282,5887,8395,6263,2534,3729
Mid,2057,205707,000,State of Texas,88,88 yrs,154125,64007,90118,60798,26053,34745,16172,6056,10116,60029,25026,35003,11900,4817,7083,5226,2055,3171
Mid,2057,205707,000,State of Texas,89,89 yrs,136260,55875,80385,53058,22503,30555,14496,5387,9109,54183,22256,31927,9977,3991,5986,4546,1738,2808
Mid,2057,205707,000,State of Texas,90,90 yrs,119888,48401,71487,47583,19736,27847,12902,4638,8264,47095,19267,27828,8289,3259,5030,4019,1501,2518
Mid,2057,205707,000,State of Texas,91,91 yrs,107689,42937,64752,42999,17544,25455,11677,4133,7544,42094,17078,25016,7333,2859,4474,3586,1323,2263
Mid,2057,205707,000,State of Texas,92,92 yrs,100427,39406,61021,41963,16821,25142,10702,3694,7008,38113,15249,22864,6334,2426,3908,3315,1216,2099
Mid,2057,205707,000,State of Texas,93,93 yrs,84387,32382,52005,36631,14342,22289,8796,2953,5843,30730,12056,18674,5313,1987,3326,2917,1044,1873
Mid,2057,205707,000,State of Texas,94,94 yrs,71495,26870,44625,31744,12206,19538,7434,2452,4982,25486,9753,15733,4323,1577,2746,2508,882,1626
Mid,2057,205707,000,State of Texas,95,95+ yrs,255363,89274,166089,120751,43098,77653,26505,8130,18375,85512,30638,54874,13927,4585,9342,8668,2823,5845
Mid,2058,205807,000,State of Texas,-1,All Ages,42113970,20890363,21223607,11295220,5633895,5661325,5358040,2556889,2801151,19645771,9880918,9764853,3453956,1643736,1810220,2360983,1174925,1186058
Mid,2058,205807,000,State of Texas,0,< 1 yr,396801,202369,194432,83421,42545,40876,45934,23426,22508,193562,98717,94845,20247,10326,9921,53637,27355,26282
Mid,2058,205807,000,State of Texas,1,1 yr,400057,203943,196114,84255,42973,41282,46494,23685,22809,195921,99861,96060,20906,10662,10244,52481,26762,25719
Mid,2058,205807,000,State of Texas,2,2 yrs,403851,205835,198016,85263,43496,41767,47157,24005,23152,198279,101032,97247,21655,11045,10610,51497,26257,25240
Mid,2058,205807,000,State of Texas,3,3 yrs,407550,207711,199839,86293,44033,42260,47829,24328,23501,200423,102120,98303,22427,11438,10989,50578,25792,24786
Mid,2058,205807,000,State of Texas,4,4 yrs,411216,209563,201653,87339,44570,42769,48491,24643,23848,202474,103171,99303,23207,11830,11377,49705,25349,24356
Mid,2058,205807,000,State of Texas,5,5 yrs,414929,211449,203480,88401,45121,43280,49130,24953,24177,204544,104235,100309,23969,12211,11758,48885,24929,23956
Mid,2058,205807,000,State of Texas,6,6 yrs,418850,213453,205397,89512,45693,43819,49761,25261,24500,206754,105385,101369,24700,12572,12128,48123,24542,23581
Mid,2058,205807,000,State of Texas,7,7 yrs,423014,215593,207421,90672,46292,44380,50407,25580,24827,209151,106641,102510,25381,12904,12477,47403,24176,23227
Mid,2058,205807,000,State of Texas,8,8 yrs,427397,217849,209548,91878,46910,44968,51044,25893,25151,211732,107996,103736,26020,13221,12799,46723,23829,22894
Mid,2058,205807,000,State of Texas,9,9 yrs,431987,220228,211759,93125,47550,45575,51678,26206,25472,214509,109469,105040,26607,13509,13098,46068,23494,22574
Mid,2058,205807,000,State of Texas,10,10 yrs,436688,222655,214033,94376,48186,46190,52318,26522,25796,217425,111006,106419,27138,13770,13368,45431,23171,22260
Mid,2058,205807,000,State of Texas,11,11 yrs,441483,225119,216364,95659,48836,46823,52957,26836,26121,220446,112592,107854,27622,14008,13614,44799,22847,21952
Mid,2058,205807,000,State of Texas,12,12 yrs,446373,227639,218734,96966,49498,47468,53605,27153,26452,223578,114235,109343,28054,14224,13830,44170,22529,21641
Mid,2058,205807,000,State of Texas,13,13 yrs,451332,230200,221132,98294,50169,48125,54258,27475,26783,226801,115928,110873,28429,14415,14014,43550,22213,21337
Mid,2058,205807,000,State of Texas,14,14 yrs,456285,232759,223526,99629,50847,48782,54921,27801,27120,230056,117641,112415,28756,14577,14179,42923,21893,21030
Mid,2058,205807,000,State of Texas,15,15 yrs,461446,235407,226039,101027,51548,49479,55616,28139,27477,233407,119409,113998,29103,14744,14359,42293,21567,20726
Mid,2058,205807,000,State of Texas,16,16 yrs,466873,238176,228697,102489,52273,50216,56378,28502,27876,236857,121236,115621,29493,14924,14569,41656,21241,20415
Mid,2058,205807,000,State of Texas,17,17 yrs,472556,241054,231502,104013,53021,50992,57220,28893,28327,240330,123084,117246,29986,15146,14840,41007,20910,20097
Mid,2058,205807,000,State of Texas,18,18 yrs,478697,244162,234535,105632,53815,51817,58166,29333,28833,243910,125008,118902,30629,15431,15198,40360,20575,19785
Mid,2058,205807,000,State of Texas,19,19 yrs,484988,247319,237669,107503,54757,52746,59358,29860,29498,247183,126794,120389,31294,15697,15597,39650,20211,19439
Mid,2058,205807,000,State of Texas,20,20 yrs,491262,250458,240804,109390,55694,53696,60575,30403,30172,250323,128514,121809,32076,16020,16056,38898,19827,19071
Mid,2058,205807,000,State of Texas,21,21 yrs,497295,253475,243820,111273,56639,54634,61763,30926,30837,253249,130103,123146,32901,16381,16520,38109,19426,18683
Mid,2058,205807,000,State of Texas,22,22 yrs,502796,256215,246581,113073,57551,55522,62903,31437,31466,255789,131472,124317,33764,16764,17000,37267,18991,18276
Mid,2058,205807,000,State of Texas,23,23 yrs,507936,258723,249213,114785,58414,56371,64003,31916,32087,258049,132667,125382,34697,17176,17521,36402,18550,17852
Mid,2058,205807,000,State of Texas,24,24 yrs,512751,261033,251718,116452,59258,57194,65092,32383,32709,260037,133715,126322,35658,17583,18075,35512,18094,17418
Mid,2058,205807,000,State of Texas,25,25 yrs,517344,263204,254140,118102,60087,58015,66161,32826,33335,261860,134701,127159,36620,17959,18661,34601,17631,16970
Mid,2058,205807,000,State of Texas,26,26 yrs,521762,265252,256510,119739,60911,58828,67224,33245,33979,263517,135623,127894,37604,18320,19284,33678,17153,16525
Mid,2058,205807,000,State of Texas,27,27 yrs,525917,267189,258728,121383,61738,59645,68257,33645,34612,264946,136482,128464,38575,18644,19931,32756,16680,16076
Mid,2058,205807,000,State of Texas,28,28 yrs,529798,268961,260837,123047,62566,60481,69256,34032,35224,266123,137200,128923,39533,18949,20584,31839,16214,15625
Mid,2058,205807,000,State of Texas,29,29 yrs,533199,270495,262704,124688,63383,61305,70203,34397,35806,266958,137736,129222,40428,19239,21189,30922,15740,15182
Mid,2058,205807,000,State of Texas,30,30 yrs,536128,271850,264278,126337,64225,62112,71023,34712,36311,267468,138103,129365,41277,19523,21754,30023,15287,14736
Mid,2058,205807,000,State of Texas,31,31 yrs,538632,273039,265593,128002,65070,62932,71796,35009,36787,267632,138310,129322,42080,19823,22257,29122,14827,14295
Mid,2058,205807,000,State of Texas,32,32 yrs,540637,274010,266627,129620,65898,63722,72459,35266,37193,267483,138362,129121,42846,20114,22732,28229,14370,13859
Mid,2058,205807,000,State of Texas,33,33 yrs,542559,274926,267633,131317,66769,64548,73089,35524,37565,267226,138329,128897,43576,20386,23190,27351,13918,13433
Mid,2058,205807,000,State of Texas,34,34 yrs,543885,275508,268377,132870,67556,65314,73610,35725,37885,266686,138125,128561,44232,20628,23604,26487,13474,13013
Mid,2058,205807,000,State of Texas,35,35 yrs,545040,275996,269044,134399,68329,66070,74088,35891,38197,266116,137904,128212,44822,20836,23986,25615,13036,12579
Mid,2058,205807,000,State of Texas,36,36 yrs,544234,275583,268651,135053,68696,66357,75073,36385,38688,264719,137087,127632,44740,20873,23867,24649,12542,12107
Mid,2058,205807,000,State of Texas,37,37 yrs,542920,275043,267877,135512,68958,66554,74491,36114,38377,263856,136699,127157,45314,21190,24124,23747,12082,11665
Mid,2058,205807,000,State of Texas,38,38 yrs,514344,260379,253965,127574,65077,62497,70777,34062,36715,243559,126171,117388,49700,23514,26186,22734,11555,11179
Mid,2058,205807,000,State of Texas,39,39 yrs,521553,263683,257870,131664,67227,64437,72110,34674,37436,245386,126829,118557,50274,23730,26544,22119,11223,10896
Mid,2058,205807,000,State of Texas,40,40 yrs,536636,271248,265388,135087,68908,66179,74263,35949,38314,252243,130262,121981,52040,24475,27565,23003,11654,11349
Mid,2058,205807,000,State of Texas,41,41 yrs,553141,280094,273047,141094,72035,69059,75021,36375,38646,259976,134242,125734,53708,25459,28249,23342,11983,11359
Mid,2058,205807,000,State of Texas,42,42 yrs,568814,287612,281202,146982,75026,71956,76510,36780,39730,267535,138199,129336,54015,25604,28411,23772,12003,11769
Mid,2058,205807,000,State of Texas,43,43 yrs,577054,292467,284587,148177,75951,72226,77534,37507,40027,272148,140701,131447,55067,26195,28872,24128,12113,12015
Mid,2058,205807,000,State of Texas,44,44 yrs,572346,289933,282413,148098,75883,72215,76616,37244,39372,270007,139210,130797,54393,25859,28534,23232,11737,11495
Mid,2058,205807,000,State of Texas,45,45 yrs,570793,288541,282252,147830,75244,72586,75856,36686,39170,268452,138335,130117,55490,26735,28755,23165,11541,11624
Mid,2058,205807,000,State of Texas,46,46 yrs,569543,288326,281217,146875,74765,72110,75818,36834,38984,269657,139301,130356,54468,25946,28522,22725,11480,11245
Mid,2058,205807,000,State of Texas,47,47 yrs,572392,290322,282070,148518,76198,72320,76195,37088,39107,271228,140025,131203,53973,25658,28315,22478,11353,11125
Mid,2058,205807,000,State of Texas,48,48 yrs,593392,300250,293142,152492,78267,74225,78765,38053,40712,284550,146241,138309,54040,25733,28307,23545,11956,11589
Mid,2058,205807,000,State of Texas,49,49 yrs,591544,299586,291958,152804,78340,74464,78672,38329,40343,283543,145705,137838,53514,25608,27906,23011,11604,11407
Mid,2058,205807,000,State of Texas,50,50 yrs,602573,304375,298198,155836,79710,76126,79891,38828,41063,289280,148212,141068,54210,25924,28286,23356,11701,11655
Mid,2058,205807,000,State of Texas,51,51 yrs,594947,300324,294623,155358,79569,75789,79106,38531,40575,284889,145407,139482,52688,25203,27485,22906,11614,11292
Mid,2058,205807,000,State of Texas,52,52 yrs,582359,294350,288009,153421,78845,74576,76288,36887,39401,278121,142558,135563,52297,24891,27406,22232,11169,11063
Mid,2058,205807,000,State of Texas,53,53 yrs,582214,294533,287681,154195,79167,75028,75615,36727,38888,277875,142746,135129,52522,24983,27539,22007,10910,11097
Mid,2058,205807,000,State of Texas,54,54 yrs,575387,290341,285046,154853,79290,75563,74384,36130,38254,272462,139266,133196,52053,24858,27195,21635,10797,10838
Mid,2058,205807,000,State of Texas,55,55 yrs,564549,284423,280126,152856,78358,74498,72940,35356,37584,266918,136163,130755,51280,24290,26990,20555,10256,10299
Mid,2058,205807,000,State of Texas,56,56 yrs,566244,284852,281392,153818,78809,75009,76943,36854,40089,262712,134310,128402,52341,24833,27508,20430,10046,10384
Mid,2058,205807,000,State of Texas,57,57 yrs,568709,283374,285335,159569,80928,78641,76940,36476,40464,258059,130354,127705,53958,25749,28209,20183,9867,10316
Mid,2058,205807,000,State of Texas,58,58 yrs,559649,280251,279398,161708,82451,79257,75815,35971,39844,250985,127240,123745,52188,25059,27129,18953,9530,9423
Mid,2058,205807,000,State of Texas,59,59 yrs,531942,266006,265936,155189,79013,76176,71104,33847,37257,237677,120157,117520,50228,24251,25977,17744,8738,9006
Mid,2058,205807,000,State of Texas,60,60 yrs,513234,256872,256362,150264,76563,73701,68366,32526,35840,227591,115200,112391,49817,24168,25649,17196,8415,8781
Mid,2058,205807,000,State of Texas,61,61 yrs,500230,249899,250331,149124,75856,73268,65869,31146,34723,219884,111298,108586,49085,23664,25421,16268,7935,8333
Mid,2058,205807,000,State of Texas,62,62 yrs,493780,245317,248463,149011,75366,73645,64657,30491,34166,214961,107922,107039,48460,23482,24978,16691,8056,8635
Mid,2058,205807,000,State of Texas,63,63 yrs,501585,249366,252219,153304,77760,75544,66575,31165,35410,217787,109425,108362,47735,23138,24597,16184,7878,8306
Mid,2058,205807,000,State of Texas,64,64 yrs,480349,236584,243765,148102,74706,73396,64401,30075,34326,205271,101724,103547,46779,22609,24170,15796,7470,8326
Mid,2058,205807,000,State of Texas,65,65 yrs,476508,234098,242410,148472,74776,73696,64337,29805,34532,201311,99483,101828,46788,22628,24160,15600,7406,8194
Mid,2058,205807,000,State of Texas,66,66 yrs,475069,232448,242621,152126,76405,75721,63731,29293,34438,197854,97459,100395,45955,21962,23993,15403,7329,8074
Mid,2058,205807,000,State of Texas,67,67 yrs,462698,225217,237481,151690,75849,75841,61654,28124,33530,188770,92562,96208,44992,21405,23587,15592,7277,8315
Mid,2058,205807,000,State of Texas,68,68 yrs,481968,234650,247318,159764,79679,80085,63607,28892,34715,197073,97013,100060,45534,21618,23916,15990,7448,8542
Mid,2058,205807,000,State of Texas,69,69 yrs,429167,206219,222948,145425,72219,73206,55902,25119,30783,169712,81772,87940,43206,20236,22970,14922,6873,8049
Mid,2058,205807,000,State of Texas,70,70 yrs,424549,203675,220874,144907,71520,73387,53997,23962,30035,169632,82199,87433,41572,19359,22213,14441,6635,7806
Mid,2058,205807,000,State of Texas,71,71 yrs,408938,194921,214017,141293,69337,71956,50872,22718,28154,162997,78002,84995,39565,18469,21096,14211,6395,7816
Mid,2058,205807,000,State of Texas,72,72 yrs,400524,190067,210457,140155,68533,71622,49432,21760,27672,158316,75470,82846,39023,18105,20918,13598,6199,7399
Mid,2058,205807,000,State of Texas,73,73 yrs,410676,195230,215446,143649,70416,73233,49720,22036,27684,164709,78588,86121,38887,18057,20830,13711,6133,7578
Mid,2058,205807,000,State of Texas,74,74 yrs,372089,174317,197772,130607,63361,67246,44858,19448,25410,147145,69047,78098,36552,16725,19827,12927,5736,7191
Mid,2058,205807,000,State of Texas,75,75 yrs,365652,170431,195221,129065,62519,66546,43924,19026,24898,144862,67216,77646,34954,15943,19011,12847,5727,7120
Mid,2058,205807,000,State of Texas,76,76 yrs,353842,163793,190049,124686,59916,64770,41683,17835,23848,142143,65825,76318,33107,14897,18210,12223,5320,6903
Mid,2058,205807,000,State of Texas,77,77 yrs,338584,155400,183184,119498,57208,62290,40521,17088,23433,135486,61991,73495,30956,13841,17115,12123,5272,6851
Mid,2058,205807,000,State of Texas,78,78 yrs,346596,159521,187075,120212,57169,63043,41321,17488,23833,143102,66396,76706,30337,13406,16931,11624,5062,6562
Mid,2058,205807,000,State of Texas,79,79 yrs,293099,132838,160261,102963,48733,54230,34993,14591,20402,117538,53067,64471,27044,11905,15139,10561,4542,6019
Mid,2058,205807,000,State of Texas,80,80 yrs,282848,126727,156121,99100,46208,52892,32314,13366,18948,116506,52002,64504,24927,10953,13974,10001,4198,5803
Mid,2058,205807,000,State of Texas,81,81 yrs,264799,118090,146709,91953,42680,49273,29858,12310,17548,109976,48800,61176,23680,10323,13357,9332,3977,5355
Mid,2058,205807,000,State of Texas,82,82 yrs,248261,109888,138373,85820,39738,46082,27603,11084,16519,103573,45640,57933,22665,9856,12809,8600,3570,5030
Mid,2058,205807,000,State of Texas,83,83 yrs,248496,110187,138309,86295,39530,46765,26783,10964,15819,105204,46703,58501,21826,9491,12335,8388,3499,4889
Mid,2058,205807,000,State of Texas,84,84 yrs,216524,94096,122428,75966,34338,41628,23862,9499,14363,90095,38958,51137,19324,8283,11041,7277,3018,4259
Mid,2058,205807,000,State of Texas,85,85 yrs,205626,88347,117279,73043,32651,40392,22814,8930,13884,84586,36242,48344,17981,7604,10377,7202,2920,4282
Mid,2058,205807,000,State of Texas,86,86 yrs,196345,83407,112938,72894,32213,40681,21284,8225,13059,79117,33412,45705,16351,6813,9538,6699,2744,3955
Mid,2058,205807,000,State of Texas,87,87 yrs,185432,77947,107485,72071,31437,40634,20210,7710,12500,72264,30229,42035,14481,6005,8476,6406,2566,3840
Mid,2058,205807,000,State of Texas,88,88 yrs,173633,72702,100931,67279,28981,38298,18310,6880,11430,69158,29201,39957,13124,5339,7785,5762,2301,3461
Mid,2058,205807,000,State of Texas,89,89 yrs,140367,57529,82838,55103,23300,31803,14680,5412,9268,54982,22645,32337,10837,4325,6512,4765,1847,2918
Mid,2058,205807,000,State of Texas,90,90 yrs,122840,49669,73171,47593,19902,27691,13029,4763,8266,49118,19913,29205,8995,3545,5450,4105,1546,2559
Mid,2058,205807,000,State of Texas,91,91 yrs,106874,42509,64365,42211,17247,24964,11474,4054,7420,42210,17029,25181,7391,2860,4531,3588,1319,2269
Mid,2058,205807,000,State of Texas,92,92 yrs,94833,37221,57612,37686,15134,22552,10267,3569,6698,37257,14893,22364,6459,2477,3982,3164,1148,2016
Mid,2058,205807,000,State of Texas,93,93 yrs,87255,33673,53582,36296,14308,21988,9292,3148,6144,33275,13105,20170,5506,2072,3434,2886,1040,1846
Mid,2058,205807,000,State of Texas,94,94 yrs,72274,27252,45022,31240,12018,19222,7538,2482,5056,26436,10200,16236,4556,1673,2883,2504,879,1625
Mid,2058,205807,000,State of Texas,95,95+ yrs,261833,91543,170290,121566,43383,78183,27351,8387,18964,89229,31961,57268,14692,4881,9811,8995,2931,6064
Mid,2059,205907,000,State of Texas,-1,All Ages,42357648,21014586,21343062,11259758,5617518,5642240,5399001,2576393,2822608,19795523,9958697,9836826,3496885,1663642,1833243,2406481,1198336,1208145
Mid,2059,205907,000,State of Texas,0,< 1 yr,396912,202424,194488,82818,42237,40581,45897,23407,22490,193121,98492,94629,20348,10377,9971,54728,27911,26817
Mid,2059,205907,000,State of Texas,1,1 yr,400262,204042,196220,83667,42673,40994,46474,23675,22799,195591,99688,95903,20983,10701,10282,53547,27305,26242
Mid,2059,205907,000,State of Texas,2,2 yrs,404089,205966,198123,84677,43199,41478,47146,23998,23148,198013,100903,97110,21715,11076,10639,52538,26790,25748
Mid,2059,205907,000,State of Texas,3,3 yrs,407696,207781,199915,85687,43722,41965,47821,24322,23499,200157,101986,98171,22460,11454,11006,51571,26297,25274
Mid,2059,205907,000,State of Texas,4,4 yrs,411199,209556,201643,86694,44243,42451,48478,24636,23842,202168,103016,99152,23209,11831,11378,50650,25830,24820
Mid,2059,205907,000,State of Texas,5,5 yrs,414766,211365,203401,87720,44772,42948,49109,24941,24168,204198,104059,100139,23958,12204,11754,49781,25389,24392
Mid,2059,205907,000,State of Texas,6,6 yrs,418416,213233,205183,88770,45316,43454,49732,25245,24487,206276,105143,101133,24677,12559,12118,48961,24970,23991
Mid,2059,205907,000,State of Texas,7,7 yrs,422283,215223,207060,89864,45880,43984,50342,25544,24798,208504,106316,102188,25372,12901,12471,48201,24582,23619
Mid,2059,205907,000,State of Texas,8,8 yrs,426418,217354,209064,91010,46469,44541,50969,25851,25118,210936,107600,103336,26024,13219,12805,47479,24215,23264
Mid,2059,205907,000,State of Texas,9,9 yrs,430787,219607,211180,92206,47078,45128,51592,26158,25434,213546,108976,104570,26644,13528,13116,46799,23867,22932
Mid,2059,205907,000,State of Texas,10,10 yrs,435359,221974,213385,93436,47708,45728,52213,26464,25749,216349,110460,105889,27216,13808,13408,46145,23534,22611
Mid,2059,205907,000,State of Texas,11,11 yrs,440022,224381,215641,94688,48342,46346,52847,26776,26071,219247,111987,107260,27735,14067,13668,45505,23209,22296
Mid,2059,205907,000,State of Texas,12,12 yrs,444778,226820,217958,95973,48992,46981,53476,27082,26394,222251,113561,108690,28204,14299,13905,44874,22886,21988
Mid,2059,205907,000,State of Texas,13,13 yrs,449638,229330,220308,97282,49654,47628,54124,27401,26723,225377,115203,110174,28612,14506,14106,44243,22566,21677
Mid,2059,205907,000,State of Texas,14,14 yrs,454620,231902,222718,98625,50331,48294,54778,27723,27055,228610,116905,111705,28982,14692,14290,43625,22251,21374
Mid,2059,205907,000,State of Texas,15,15 yrs,459706,234518,225188,99999,51025,48974,55467,28058,27409,231905,118643,113262,29338,14862,14476,42997,21930,21067
Mid,2059,205907,000,State of Texas,16,16 yrs,465163,237294,227869,101465,51751,49714,56234,28422,27812,235346,120464,114882,29751,15054,14697,42367,21603,20764
Mid,2059,205907,000,State of Texas,17,17 yrs,471022,240273,230749,103012,52514,50498,57084,28818,28266,238932,122377,116555,30262,15286,14976,41732,21278,20454
Mid,2059,205907,000,State of Texas,18,18 yrs,477217,243400,233817,104621,53297,51324,58034,29257,28777,242557,124323,118234,30913,15573,15340,41092,20950,20142
Mid,2059,205907,000,State of Texas,19,19 yrs,483709,246658,237051,106525,54261,52264,59253,29800,29453,245927,126149,119778,31595,15849,15746,40409,20599,19810
Mid,2059,205907,000,State of Texas,20,20 yrs,490303,249971,240332,108444,55221,53223,60505,30359,30146,249274,127978,121296,32385,16181,16204,39695,20232,19463
Mid,2059,205907,000,State of Texas,21,21 yrs,496738,253178,243560,110372,56180,54192,61732,30902,30830,252463,129704,122759,33229,16544,16685,38942,19848,19094
Mid,2059,205907,000,State of Texas,22,22 yrs,502887,256245,246642,112262,57134,55128,62938,31443,31495,255432,131293,124139,34105,16931,17174,38150,19444,18706
Mid,2059,205907,000,State of Texas,23,23 yrs,508518,259021,249497,114042,58039,56003,64080,31947,32133,258026,132666,125360,35059,17357,17702,37311,19012,18299
Mid,2059,205907,000,State of Texas,24,24 yrs,513869,261592,252277,115773,58912,56861,65217,32435,32782,260372,133891,126481,36049,17777,18272,36458,18577,17881
Mid,2059,205907,000,State of Texas,25,25 yrs,518951,264000,254951,117469,59767,57702,66342,32905,33437,262523,135037,127486,37046,18169,18877,35571,18122,17449
Mid,2059,205907,000,State of Texas,26,26 yrs,523803,266293,257510,119147,60609,58538,67448,33347,34101,264514,136147,128367,38034,18532,19502,34660,17658,17002
Mid,2059,205907,000,State of Texas,27,27 yrs,528365,268391,259974,120806,61442,59364,68534,33773,34761,266260,137130,129130,39023,18862,20161,33742,17184,16558
Mid,2059,205907,000,State of Texas,28,28 yrs,532525,270333,262192,122461,62274,60187,69561,34171,35390,267690,138002,129688,39992,19175,20817,32821,16711,16110
Mid,2059,205907,000,State of Texas,29,29 yrs,536338,272086,264252,124119,63100,61019,70569,34563,36006,268860,138714,130146,40892,19466,21426,31898,16243,15655
Mid,2059,205907,000,State of Texas,30,30 yrs,539611,273607,266004,125757,63923,61834,71487,34929,36558,269653,139237,130416,41730,19747,21983,30984,15771,15213
Mid,2059,205907,000,State of Texas,31,31 yrs,542330,274914,267416,127385,64761,62624,72270,35232,37038,270072,139570,130502,42514,20031,22483,30089,15320,14769
Mid,2059,205907,000,State of Texas,32,32 yrs,544548,275974,268574,129032,65600,63432,73004,35525,37479,270061,139677,130384,43267,20314,22953,29184,14858,14326
Mid,2059,205907,000,State of Texas,33,33 yrs,546255,276777,269478,130630,66419,64211,73632,35773,37859,269721,139602,130119,43986,20585,23401,28286,14398,13888
Mid,2059,205907,000,State of Texas,34,34 yrs,547916,277537,270379,132304,67273,65031,74228,36016,38212,269311,139470,129841,44666,20834,23832,27407,13944,13463
Mid,2059,205907,000,State of Texas,35,35 yrs,549000,277987,271013,133832,68051,65781,74733,36202,38531,268634,139184,129450,45258,21046,24212,26543,13504,13039
Mid,2059,205907,000,State of Texas,36,36 yrs,549252,278256,270996,134883,68606,66277,74763,36219,38544,268000,138957,129043,45940,21413,24527,25666,13061,12605
Mid,2059,205907,000,State of Texas,37,37 yrs,548093,277624,270469,135504,68951,66553,75708,36693,39015,266407,138011,128396,45777,21405,24372,24697,12564,12133
Mid,2059,205907,000,State of Texas,38,38 yrs,546382,276827,269555,135913,69182,66731,75071,36388,38683,265337,137478,127859,46267,21676,24591,23794,12103,11691
Mid,2059,205907,000,State of Texas,39,39 yrs,517528,261989,255539,127959,65295,62664,71311,34315,36996,244910,126854,118056,50571,23951,26620,22777,11574,11203
Mid,2059,205907,000,State of Texas,40,40 yrs,524488,265126,259362,132015,67423,64592,72608,34905,37703,246624,127428,119196,51081,24130,26951,22160,11240,10920
Mid,2059,205907,000,State of Texas,41,41 yrs,539396,272586,266810,135420,69098,66322,74734,36167,38567,253391,130796,122595,52810,24855,27955,23041,11670,11371
Mid,2059,205907,000,State of Texas,42,42 yrs,555722,281333,274389,141394,72209,69185,75460,36582,38878,261032,134712,126320,54457,25831,28626,23379,11999,11380
Mid,2059,205907,000,State of Texas,43,43 yrs,571239,288778,282461,147265,75194,72071,76931,36979,39952,268507,138619,129888,54731,25969,28762,23805,12017,11788
Mid,2059,205907,000,State of Texas,44,44 yrs,579383,293607,285776,148441,76115,72326,77939,37702,40237,273080,141098,131982,55767,26568,29199,24156,12124,12032
Mid,2059,205907,000,State of Texas,45,45 yrs,574538,291032,283506,148332,76033,72299,76987,37430,39557,270890,139597,131293,55071,26226,28845,23258,11746,11512
Mid,2059,205907,000,State of Texas,46,46 yrs,572825,289554,283271,148039,75377,72662,76196,36849,39347,269264,138686,130578,56139,27093,29046,23187,11549,11638
Mid,2059,205907,000,State of Texas,47,47 yrs,571316,289189,282127,147039,74866,72173,76125,36981,39144,270345,139586,130759,55065,26272,28793,22742,11484,11258
Mid,2059,205907,000,State of Texas,48,48 yrs,573883,291011,282872,148635,76271,72364,76468,37213,39255,271783,140226,131557,54507,25947,28560,22490,11354,11136
Mid,2059,205907,000,State of Texas,49,49 yrs,594563,300740,293823,152552,78302,74250,78984,38148,40836,284966,146356,138610,54509,25980,28529,23552,11954,11598
Mid,2059,205907,000,State of Texas,50,50 yrs,592502,299933,292569,152825,78348,74477,78860,38403,40457,283881,145766,138115,53923,25818,28105,23013,11598,11415
Mid,2059,205907,000,State of Texas,51,51 yrs,603371,304637,298734,155819,79693,76126,80053,38883,41170,289544,148240,141304,54603,26129,28474,23352,11692,11660
Mid,2059,205907,000,State of Texas,52,52 yrs,595578,300494,295084,155311,79530,75781,79240,38566,40674,285061,145398,139663,53069,25398,27671,22897,11602,11295
Mid,2059,205907,000,State of Texas,53,53 yrs,582852,294429,288423,153340,78785,74555,76400,36908,39492,278221,142508,135713,52672,25074,27598,22219,11154,11065
Mid,2059,205907,000,State of Texas,54,54 yrs,582567,294503,288064,154076,79080,74996,75705,36730,38975,277900,142647,135253,52899,25155,27744,21987,10891,11096
Mid,2059,205907,000,State of Texas,55,55 yrs,575610,290212,285398,154690,79178,75512,74461,36122,38339,272420,139116,133304,52430,25022,27408,21609,10774,10835
Mid,2059,205907,000,State of Texas,56,56 yrs,564605,284186,280419,152637,78211,74426,72991,35329,37662,266797,135962,130835,51655,24454,27201,20525,10230,10295
Mid,2059,205907,000,State of Texas,57,57 yrs,566088,284482,281606,153546,78628,74918,76947,36803,40144,262507,134047,128460,52695,24988,27707,20393,10016,10377
Mid,2059,205907,000,State of Texas,58,58 yrs,568383,282908,285475,159224,80704,78520,76925,36416,40509,257798,130056,127742,54298,25900,28398,20138,9832,10306
Mid,2059,205907,000,State of Texas,59,59 yrs,559051,279627,279424,161276,82171,79105,75760,35890,39870,250602,126871,123731,52509,25203,27306,18904,9492,9412
Mid,2059,205907,000,State of Texas,60,60 yrs,531145,265273,265872,154710,78702,76008,71022,33750,37272,237189,119734,117455,50533,24389,26144,17691,8698,8993
Mid,2059,205907,000,State of Texas,61,61 yrs,512218,256022,256196,149723,76215,73508,68252,32413,35839,226998,114724,112274,50109,24299,25810,17136,8371,8765
Mid,2059,205907,000,State of Texas,62,62 yrs,498979,248905,250074,148507,75455,73052,65719,31009,34710,219195,110770,108425,49353,23782,25571,16205,7889,8316
Mid,2059,205907,000,State of Texas,63,63 yrs,492212,244138,248074,148296,74908,73388,64457,30323,34134,214160,107331,106829,48684,23573,25111,16615,8003,8612
Mid,2059,205907,000,State of Texas,64,64 yrs,499539,247897,251642,152439,77210,75229,66296,30953,35343,216811,108724,108087,47896,23191,24705,16097,7819,8278
Mid,2059,205907,000,State of Texas,65,65 yrs,478030,234976,243054,147154,74109,73045,64073,29834,34239,204225,100999,103226,46877,22626,24251,15701,7408,8293
Mid,2059,205907,000,State of Texas,66,66 yrs,472880,231725,241155,147148,73939,73209,63748,29429,34319,199891,98562,101329,46563,22441,24122,15530,7354,8176
Mid,2059,205907,000,State of Texas,67,67 yrs,470921,229789,241132,150617,75456,75161,63059,28872,34187,196259,96437,99822,45668,21756,23912,15318,7268,8050
Mid,2059,205907,000,State of Texas,68,68 yrs,458196,222380,235816,150037,74818,75219,60928,27678,33250,187088,91494,95594,44652,21181,23471,15491,7209,8282
Mid,2059,205907,000,State of Texas,69,69 yrs,476760,231393,245367,157863,78501,79362,62772,28389,34383,195115,95771,99344,45142,21365,23777,15868,7367,8501
Mid,2059,205907,000,State of Texas,70,70 yrs,424146,203124,221022,143546,71063,72483,55109,24648,30461,167899,80645,87254,42796,19977,22819,14796,6791,8005
Mid,2059,205907,000,State of Texas,71,71 yrs,419079,200339,218740,142864,70278,72586,53153,23471,29682,167630,80959,86671,41129,19084,22045,14303,6547,7756
Mid,2059,205907,000,State of Texas,72,72 yrs,403131,191426,211705,139105,68025,71080,49998,22212,27786,160886,76712,84174,39089,18178,20911,14053,6299,7754
Mid,2059,205907,000,State of Texas,73,73 yrs,394223,186325,207898,137762,67110,70652,48501,21233,27268,156043,74101,81942,38491,17786,20705,13426,6095,7331
Mid,2059,205907,000,State of Texas,74,74 yrs,403390,190945,212445,140900,68791,72109,48673,21447,27226,162033,76996,85037,38274,17695,20579,13510,6016,7494
Mid,2059,205907,000,State of Texas,75,75 yrs,364874,170167,194707,127871,61774,66097,43835,18888,24947,144540,67532,77008,35913,16358,19555,12715,5615,7100
Mid,2059,205907,000,State of Texas,76,76 yrs,357858,166001,191857,126090,60807,65283,42829,18432,24397,142058,65612,76446,34272,15557,18715,12609,5593,7016
Mid,2059,205907,000,State of Texas,77,77 yrs,345424,159069,186355,121481,58092,63389,40535,17222,23313,139066,64084,74982,32376,14491,17885,11966,5180,6786
Mid,2059,205907,000,State of Texas,78,78 yrs,329572,150431,179141,116063,55274,60789,39286,16444,22842,132214,60181,72033,30180,13418,16762,11829,5114,6715
Mid,2059,205907,000,State of Texas,79,79 yrs,336257,153885,182372,116352,55030,61322,39916,16762,23154,139215,64255,74960,29472,12946,16526,11302,4892,6410
Mid,2059,205907,000,State of Texas,80,80 yrs,283409,127665,155744,99286,46719,52567,33687,13930,19757,114023,51192,62831,26181,11452,14729,10232,4372,5860
Mid,2059,205907,000,State of Texas,81,81 yrs,272307,121215,151092,95107,44068,51039,30965,12696,18269,112572,49949,62623,24018,10482,13536,9645,4020,5625
Mid,2059,205907,000,State of Texas,82,82 yrs,253691,112351,141340,87776,40462,47314,28466,11628,16838,105801,46654,59147,22694,9820,12874,8954,3787,5167
Mid,2059,205907,000,State of Texas,83,83 yrs,236595,103916,132679,81453,37424,44029,26183,10407,15776,99154,43393,55761,21598,9314,12284,8207,3378,4829
Mid,2059,205907,000,State of Texas,84,84 yrs,235444,103523,131921,81405,36970,44435,25258,10229,15029,100153,44129,56024,20672,8907,11765,7956,3288,4668
Mid,2059,205907,000,State of Texas,85,85 yrs,203838,87750,116088,71178,31866,39312,22364,8798,13566,85253,36555,48698,18183,7715,10468,6860,2816,4044
Mid,2059,205907,000,State of Texas,86,86 yrs,192191,81714,110477,67944,30051,37893,21235,8205,13030,79474,33732,45742,16798,7024,9774,6740,2702,4038
Mid,2059,205907,000,State of Texas,87,87 yrs,182136,76495,105641,67298,29401,37897,19667,7496,12171,73787,30839,42948,15164,6242,8922,6220,2517,3703
Mid,2059,205907,000,State of Texas,88,88 yrs,170525,70805,99720,65965,28420,37545,18519,6962,11557,66831,27642,39189,13314,5450,7864,5896,2331,3565
Mid,2059,205907,000,State of Texas,89,89 yrs,158182,65374,92808,61000,25931,35069,16626,6151,10475,63347,26427,36920,11954,4796,7158,5255,2069,3186
Mid,2059,205907,000,State of Texas,90,90 yrs,126594,51161,75433,49456,20618,28838,13203,4789,8414,49858,20268,29590,9773,3843,5930,4304,1643,2661
Mid,2059,205907,000,State of Texas,91,91 yrs,109566,43646,65920,42243,17402,24841,11592,4166,7426,44040,17606,26434,8024,3113,4911,3667,1359,2308
Mid,2059,205907,000,State of Texas,92,92 yrs,94170,36869,57301,37017,14885,22132,10094,3503,6591,37378,14857,22521,6514,2479,4035,3167,1145,2022
Mid,2059,205907,000,State of Texas,93,93 yrs,82458,31829,50629,32617,12880,19737,8921,3044,5877,32544,12805,19739,5619,2117,3502,2757,983,1774
Mid,2059,205907,000,State of Texas,94,94 yrs,74778,28358,46420,30972,11997,18975,7966,2647,5319,28638,11092,17546,4723,1745,2978,2479,877,1602
Mid,2059,205907,000,State of Texas,95,95+ yrs,267696,93635,174061,121804,43448,78356,28117,8612,19505,93011,33366,59645,15509,5196,10313,9255,3013,6242
Mid,2060,206007,000,State of Texas,-1,All Ages,42598048,21137062,21460986,11224407,5601085,5623322,5439714,2595742,2843972,19941694,10034693,9907001,3539287,1683297,1855990,2452946,1222245,1230701
Mid,2060,206007,000,State of Texas,0,< 1 yr,396922,202431,194491,82201,41923,40278,45852,23385,22467,192559,98205,94354,20475,10442,10033,55835,28476,27359
Mid,2060,206007,000,State of Texas,1,1 yr,400390,204108,196282,83069,42370,40699,46447,23659,22788,195151,99464,95687,21088,10756,10332,54635,27859,26776
Mid,2060,206007,000,State of Texas,2,2 yrs,404302,206070,198232,84088,42899,41189,47132,23991,23141,197684,100731,96953,21794,11116,10678,53604,27333,26271
Mid,2060,206007,000,State of Texas,3,3 yrs,407940,207915,200025,85099,43424,41675,47816,24318,23498,199890,101856,98034,22522,11486,11036,52613,26831,25782
Mid,2060,206007,000,State of Texas,4,4 yrs,411355,209631,201724,86089,43933,42156,48477,24633,23844,201902,102882,99020,23244,11848,11396,51643,26335,25308
Mid,2060,206007,000,State of Texas,5,5 yrs,414755,211361,203394,87075,44445,42630,49101,24936,24165,203890,103903,99987,23963,12207,11756,50726,25870,24856
Mid,2060,206007,000,State of Texas,6,6 yrs,418261,213154,205107,88090,44968,43122,49716,25236,24480,205928,104966,100962,24669,12554,12115,49858,25430,24428
Mid,2060,206007,000,State of Texas,7,7 yrs,421852,215004,206848,89121,45502,43619,50318,25530,24788,208023,106073,101950,25351,12889,12462,49039,25010,24029
Mid,2060,206007,000,State of Texas,8,8 yrs,425690,216986,208704,90202,46057,44145,50908,25817,25091,210285,107273,103012,26018,13218,12800,48277,24621,23656
Mid,2060,206007,000,State of Texas,9,9 yrs,429808,219111,210697,91336,46636,44700,51521,26118,25403,212746,108577,104169,26650,13527,13123,47555,24253,23302
Mid,2060,206007,000,State of Texas,10,10 yrs,434157,221350,212807,92516,47235,45281,52129,26416,25713,215381,109964,105417,27255,13828,13427,46876,23907,22969
Mid,2060,206007,000,State of Texas,11,11 yrs,438692,223699,214993,93746,47863,45883,52745,26719,26026,218166,111439,106727,27816,14106,13710,46219,23572,22647
Mid,2060,206007,000,State of Texas,12,12 yrs,443318,226082,217236,95000,48497,46503,53369,27023,26346,221048,112954,108094,28321,14360,13961,45580,23248,22332
Mid,2060,206007,000,State of Texas,13,13 yrs,448042,228511,219531,96288,49148,47140,53997,27331,26666,224044,114526,109518,28766,14583,14183,44947,22923,22024
Mid,2060,206007,000,State of Texas,14,14 yrs,452925,231031,221894,97612,49816,47796,54646,27649,26997,227182,116178,111004,29168,14784,14384,44317,22604,21713
Mid,2060,206007,000,State of Texas,15,15 yrs,458043,233663,224380,98994,50509,48485,55327,27981,27346,230456,117906,112550,29567,14979,14588,43699,22288,21411
Mid,2060,206007,000,State of Texas,16,16 yrs,463422,236403,227019,100436,51227,49209,56089,28343,27746,233837,119694,114143,29988,15173,14815,43072,21966,21106
Mid,2060,206007,000,State of Texas,17,17 yrs,469317,239391,229926,101986,51990,49996,56946,28740,28206,237418,121603,115815,30523,15417,15106,42444,21641,20803
Mid,2060,206007,000,State of Texas,18,18 yrs,475687,242622,233065,103618,52790,50828,57906,29185,28721,241155,123615,117540,31191,15714,15477,41817,21318,20499
Mid,2060,206007,000,State of Texas,19,19 yrs,482230,245897,236333,105509,53741,51768,59130,29729,29401,244571,125463,119108,31880,15991,15889,41140,20973,20167
Mid,2060,206007,000,State of Texas,20,20 yrs,489025,249307,239718,107460,54722,52738,60410,30303,30107,248014,127330,120684,32687,16332,16355,40454,20620,19834
Mid,2060,206007,000,State of Texas,21,21 yrs,495784,252691,243093,109420,55704,53716,61674,30861,30813,251410,129167,122243,33540,16706,16834,39740,20253,19487
Mid,2060,206007,000,State of Texas,22,22 yrs,502336,255951,246385,111357,56673,54684,62917,31423,31494,254641,130892,123749,34435,17094,17341,38986,19869,19117
Mid,2060,206007,000,State of Texas,23,23 yrs,508621,259059,249562,113231,57625,55606,64125,31957,32168,257666,132485,125181,35404,17527,17877,38195,19465,18730
Mid,2060,206007,000,State of Texas,24,24 yrs,514459,261891,252568,115026,58535,56491,65305,32470,32835,260347,133888,126459,36413,17958,18455,37368,19040,18328
Mid,2060,206007,000,State of Texas,25,25 yrs,520076,264562,255514,116785,59419,57366,66478,32961,33517,262857,135213,127644,37439,18364,19075,36517,18605,17912
Mid,2060,206007,000,State of Texas,26,26 yrs,525418,267091,258327,118510,60287,58223,67641,33431,34210,265174,136481,128693,38463,18743,19720,35630,18149,17481
Mid,2060,206007,000,State of Texas,27,27 yrs,530411,269433,260978,120208,61137,59071,68770,33879,34891,267252,137651,129601,39455,19075,20380,34726,17691,17035
Mid,2060,206007,000,State of Texas,28,28 yrs,534992,271538,263454,121881,61977,59904,69852,34306,35546,269010,138647,130363,40442,19393,21049,33807,17215,16592
Mid,2060,206007,000,State of Texas,29,29 yrs,539080,273466,265614,123536,62812,60724,70885,34705,36180,270425,139515,130910,41354,19694,21660,32880,16740,16140
Mid,2060,206007,000,State of Texas,30,30 yrs,542758,275199,267559,125185,63638,61547,71864,35099,36765,271552,140213,131339,42196,19975,22221,31961,16274,15687
Mid,2060,206007,000,State of Texas,31,31 yrs,545820,276671,269149,126802,64457,62345,72745,35453,37292,272254,140702,131552,42969,20255,22714,31050,15804,15246
Mid,2060,206007,000,State of Texas,32,32 yrs,548254,277852,270402,128411,65289,63122,73493,35756,37737,272498,140935,131563,43701,20521,23180,30151,15351,14800
Mid,2060,206007,000,State of Texas,33,33 yrs,550189,278757,271432,130039,66119,63920,74188,36036,38152,272311,140929,131382,44409,20786,23623,29242,14887,14355
Mid,2060,206007,000,State of Texas,34,34 yrs,551629,279401,272228,131620,66928,64692,74783,36270,38513,271805,140743,131062,45080,21036,24044,28341,14424,13917
Mid,2060,206007,000,State of Texas,35,35 yrs,553047,280018,273029,133271,67767,65504,75363,36500,38863,271257,140527,130730,45694,21251,24443,27462,13973,13489
Mid,2060,206007,000,State of Texas,36,36 yrs,553221,280251,272970,134315,68328,65987,75417,36534,38883,270515,140235,130280,46380,21625,24755,26594,13529,13065
Mid,2060,206007,000,State of Texas,37,37 yrs,553116,280301,272815,135339,68864,66475,75389,36521,38868,269681,139879,129802,46993,21954,25039,25714,13083,12631
Mid,2060,206007,000,State of Texas,38,38 yrs,551582,279421,272161,135911,69178,66733,76301,36973,39328,267892,138791,129101,46734,21894,24840,24744,12585,12159
Mid,2060,206007,000,State of Texas,39,39 yrs,549541,278421,271120,136280,69390,66890,75615,36647,38968,266674,138151,128523,47136,22111,25025,23836,12122,11714
Mid,2060,206007,000,State of Texas,40,40 yrs,520474,263440,257034,128308,65491,62817,71815,34549,37266,246157,127459,118698,51377,24350,27027,22817,11591,11226
Mid,2060,206007,000,State of Texas,41,41 yrs,527229,266453,260776,132343,67610,64733,73080,35123,37957,247763,127958,119805,51844,24505,27339,22199,11257,10942
Mid,2060,206007,000,State of Texas,42,42 yrs,541965,273817,268148,135719,69272,66447,75180,36376,38804,254436,131261,123175,53552,25222,28330,23078,11686,11392
Mid,2060,206007,000,State of Texas,43,43 yrs,558156,282511,275645,141680,72381,69299,75890,36788,39102,261992,135126,126866,55181,26203,28978,23413,12013,11400
Mid,2060,206007,000,State of Texas,44,44 yrs,573568,289920,283648,147528,75358,72170,77338,37175,40163,269437,139016,130421,55431,26342,29089,23834,12029,11805
Mid,2060,206007,000,State of Texas,45,45 yrs,581606,294721,286885,148681,76263,72418,78312,37889,40423,273977,141497,132480,56455,26939,29516,24181,12133,12048
Mid,2060,206007,000,State of Texas,46,46 yrs,576589,292062,284527,148541,76165,72376,77336,37599,39737,271711,139960,131751,55720,26584,29136,23281,11754,11527
Mid,2060,206007,000,State of Texas,47,47 yrs,574607,290424,284183,148200,75477,72723,76510,37001,39509,269948,138968,130980,56744,27424,29320,23205,11554,11651
Mid,2060,206007,000,State of Texas,48,48 yrs,572807,289880,282927,147155,74939,72216,76400,37106,39294,270892,139784,131108,55605,26565,29040,22755,11486,11269
Mid,2060,206007,000,State of Texas,49,49 yrs,575097,291519,283578,148697,76308,72389,76700,37314,39386,272222,140347,131875,54980,26197,28783,22498,11353,11145
Mid,2060,206007,000,State of Texas,50,50 yrs,595521,301094,294427,152576,78315,74261,79171,38223,40948,285299,146415,138884,54923,26194,28729,23552,11947,11605
Mid,2060,206007,000,State of Texas,51,51 yrs,593309,300209,293100,152813,78337,74476,79019,38457,40562,284154,145805,138349,54313,26021,28292,23010,11589,11421
Mid,2060,206007,000,State of Texas,52,52 yrs,604045,304836,299209,155778,79660,76118,80193,38924,41269,289743,148244,141499,54989,26328,28661,23342,11680,11662
Mid,2060,206007,000,State of Texas,53,53 yrs,596125,300594,295531,155235,79469,75766,79359,38589,40770,285194,145365,139829,53453,25585,27868,22884,11586,11298
Mid,2060,206007,000,State of Texas,54,54 yrs,583242,294419,288823,153223,78699,74524,76504,36918,39586,278263,142419,135844,53051,25247,27804,22201,11136,11065
Mid,2060,206007,000,State of Texas,55,55 yrs,582787,294369,288418,153910,78965,74945,75788,36725,39063,277854,142493,135361,53274,25318,27956,21961,10868,11093
Mid,2060,206007,000,State of Texas,56,56 yrs,575679,289980,285699,154481,79036,75445,74513,36097,38416,272296,138911,133385,52812,25189,27623,21577,10747,10830
Mid,2060,206007,000,State of Texas,57,57 yrs,564497,283841,280656,152377,78037,74340,73012,35286,37726,266599,135703,130896,52021,24615,27406,20488,10200,10288
Mid,2060,206007,000,State of Texas,58,58 yrs,565734,283989,281745,153223,78413,74810,76919,36735,40184,262210,133722,128488,53033,25137,27896,20349,9982,10367
Mid,2060,206007,000,State of Texas,59,59 yrs,567813,282313,285500,158815,80444,78371,76871,36336,40535,257420,129694,127726,54621,26047,28574,20086,9792,10294
Mid,2060,206007,000,State of Texas,60,60 yrs,558209,278872,279337,160779,81852,78927,75667,35787,39880,250097,126438,123659,52819,25346,27473,18847,9449,9398
Mid,2060,206007,000,State of Texas,61,61 yrs,530095,264399,265696,154156,78343,75813,70903,33632,37271,236580,119251,117329,50826,24520,26306,17630,8653,8977
Mid,2060,206007,000,State of Texas,62,62 yrs,510953,255023,255930,149113,75821,73292,68101,32274,35827,226297,114190,112107,50373,24415,25958,17069,8323,8746
Mid,2060,206007,000,State of Texas,63,63 yrs,497427,247731,249696,147808,75003,72805,65524,30844,34680,218386,110173,108213,49577,23873,25704,16132,7838,8294
Mid,2060,206007,000,State of Texas,64,64 yrs,490285,242747,247538,147482,74391,73091,64202,30124,34078,213226,106662,106564,48846,23626,25220,16529,7944,8585
Mid,2060,206007,000,State of Texas,65,65 yrs,497102,246197,250905,151465,76592,74873,65952,30703,35249,215697,107944,107753,47989,23204,24785,15999,7754,8245
Mid,2060,206007,000,State of Texas,66,66 yrs,474452,232631,241821,145864,73295,72569,63494,29462,34032,202802,100072,102730,46660,22445,24215,15632,7357,8275
Mid,2060,206007,000,State of Texas,67,67 yrs,468810,229104,239706,145704,73029,72675,63086,29012,34074,198299,97538,100761,46275,22231,24044,15446,7294,8152
Mid,2060,206007,000,State of Texas,68,68 yrs,466365,226915,239450,148982,74437,74545,62328,28419,33909,194515,95331,99184,45320,21528,23792,15220,7200,8020
Mid,2060,206007,000,State of Texas,69,69 yrs,453338,219351,233987,148272,73729,74543,60151,27207,32944,185261,90342,94919,44276,20939,23337,15378,7134,8244
Mid,2060,206007,000,State of Texas,70,70 yrs,471187,227934,243253,155843,77259,78584,61884,27859,34025,193013,94444,98569,44714,21093,23621,15733,7279,8454
Mid,2060,206007,000,State of Texas,71,71 yrs,418745,199826,218919,141537,69837,71700,54263,24152,30111,165944,79439,86505,42345,19696,22649,14656,6702,7954
Mid,2060,206007,000,State of Texas,72,72 yrs,413162,196771,216391,140663,68954,71709,52255,22956,29299,165459,79626,85833,40638,18785,21853,14147,6450,7697
Mid,2060,206007,000,State of Texas,73,73 yrs,396849,187691,209158,136752,66627,70125,49067,21681,27386,158589,75326,83263,38563,17862,20701,13878,6195,7683
Mid,2060,206007,000,State of Texas,74,74 yrs,387318,182280,205038,135152,65576,69576,47499,20674,26825,153541,72615,80926,37894,17435,20459,13232,5980,7252
Mid,2060,206007,000,State of Texas,75,75 yrs,395587,186425,209162,137963,67080,70883,47566,20833,26733,159165,75314,83851,37605,17308,20297,13288,5890,7398
Mid,2060,206007,000,State of Texas,76,76 yrs,357160,165785,191375,124951,60096,64855,42754,18304,24450,141752,65934,75818,35219,15965,19254,12484,5486,6998
Mid,2060,206007,000,State of Texas,77,77 yrs,349400,161246,188154,122871,58967,63904,41659,17806,23853,139006,63891,75115,33520,15136,18384,12344,5446,6898
Mid,2060,206007,000,State of Texas,78,78 yrs,336288,154012,182276,118013,56139,61874,39307,16577,22730,135717,62218,73499,31570,14051,17519,11681,5027,6654
Mid,2060,206007,000,State of Texas,79,79 yrs,319816,145148,174668,112355,53218,59137,37967,15769,22198,128661,58254,70407,29328,12963,16365,11505,4944,6561
Mid,2060,206007,000,State of Texas,80,80 yrs,325154,147912,177242,112215,52764,59451,38429,16006,22423,135027,61978,73049,28531,12454,16077,10952,4710,6242
Mid,2060,206007,000,State of Texas,81,81 yrs,272889,122139,150750,95305,44569,50736,32291,13237,19054,110192,49183,61009,25231,10962,14269,9870,4188,5682
Mid,2060,206007,000,State of Texas,82,82 yrs,260934,115352,145582,90811,41791,49020,29532,11998,17534,108309,47758,60551,23025,9975,13050,9257,3830,5427
Mid,2060,206007,000,State of Texas,83,83 yrs,241819,106269,135550,83334,38118,45216,27008,10922,16086,101298,44362,56936,21633,9283,12350,8546,3584,4962
Mid,2060,206007,000,State of Texas,84,84 yrs,224257,97667,126590,76866,35016,41850,24706,9714,14992,94432,41016,53416,20465,8745,11720,7788,3176,4612
Mid,2060,206007,000,State of Texas,85,85 yrs,221686,96571,125115,76297,34322,41975,23677,9477,14200,94760,41407,53353,19453,8297,11156,7499,3068,4431
Mid,2060,206007,000,State of Texas,86,86 yrs,190595,81198,109397,66238,29342,36896,20823,8088,12735,80118,34031,46087,16993,7130,9863,6423,2607,3816
Mid,2060,206007,000,State of Texas,87,87 yrs,178362,74980,103382,62755,27440,35315,19628,7480,12148,74135,31143,42992,15582,6437,9145,6262,2480,3782
Mid,2060,206007,000,State of Texas,88,88 yrs,167583,69525,98058,61622,26591,35031,18030,6772,11258,68255,28208,40047,13947,5666,8281,5729,2288,3441
Mid,2060,206007,000,State of Texas,89,89 yrs,155425,63688,91737,59840,25441,34399,16826,6228,10598,61247,25025,36222,12132,4897,7235,5380,2097,3283
Mid,2060,206007,000,State of Texas,90,90 yrs,142706,58162,84544,54773,22958,31815,14957,5444,9513,57447,23657,33790,10783,4262,6521,4746,1841,2905
Mid,2060,206007,000,State of Texas,91,91 yrs,112964,44975,67989,43920,18037,25883,11755,4191,7564,44721,17926,26795,8722,3376,5346,3846,1445,2401
Mid,2060,206007,000,State of Texas,92,92 yrs,96595,37874,58721,37061,15027,22034,10201,3601,6600,39018,15366,23652,7076,2700,4376,3239,1180,2059
Mid,2060,206007,000,State of Texas,93,93 yrs,81935,31547,50388,32058,12676,19382,8776,2989,5787,32669,12781,19888,5670,2120,3550,2762,981,1781
Mid,2060,206007,000,State of Texas,94,94 yrs,70725,26825,43900,27853,10806,17047,7654,2562,5092,28025,10844,17181,4823,1784,3039,2370,829,1541
Mid,2060,206007,000,State of Texas,95,95+ yrs,274554,96198,178356,121789,43481,78308,29095,8924,20171,97916,35213,62703,16312,5504,10808,9442,3076,6366
